2.157681083679199219e+01 4.844480895996093750e+01 -5.069683837890625000e+01 -9.100201606750488281e+00 -2.325829124450683594e+01 -1.517446756362915039e+00 4.161061096191406250e+01 3.810735321044921875e+01 -2.180562973022460938e+01 -9.605955123901367188e+00
-1.907670593261718750e+01 3.899746322631835938e+01 -2.062864494323730469e+01 8.394921302795410156e+00 -8.193189239501953125e+01 1.429291129112243652e+00 1.339288902282714844e+01 3.949171066284179688e+00 2.696571731567382812e+01 2.009095954895019531e+01
2.554885101318359375e+01 -3.296269226074218750e+01 -5.400686645507812500e+01 -2.568010711669921875e+01 2.094176292419433594e+01 -1.160699462890625000e+01 -2.809057617187500000e+01 9.540266990661621094e+00 2.087515830993652344e+00 2.870235824584960938e+01
-5.237081527709960938e+01 1.010800361633300781e+01 3.877621841430664062e+01 -8.971856117248535156e+00 9.361073970794677734e-01 -1.698891830444335938e+01 -1.851259803771972656e+01 -1.260227108001708984e+01 5.504943847656250000e+00 -9.312095642089843750e+01
-7.031900405883789062e+00 -4.698122024536132812e+01 3.316918373107910156e+00 1.544247055053710938e+01 -4.907281398773193359e+00 -1.728017234802246094e+01 -3.594485855102539062e+01 -4.252632141113281250e+01 -1.912110710144042969e+01 -5.327060222625732422e+00
3.964655685424804688e+01 -4.913341522216796875e+01 -3.874226760864257812e+01 -1.488707828521728516e+01 1.617555618286132812e+01 -3.327867507934570312e+01 -2.647434425354003906e+01 2.095113754272460938e+00 -2.065814256668090820e+00 2.306891250610351562e+01
-4.958666610717773438e+01 3.351358413696289062e+00 -3.438852691650390625e+01 -2.161233901977539062e+01 1.868926763534545898e+00 8.503782272338867188e+00 -5.010523223876953125e+01 -2.072732925415039062e+01 1.527955627441406250e+01 -1.633773231506347656e+01
-1.591516685485839844e+01 -4.168918609619140625e+01 3.187561798095703125e+01 4.711296463012695312e+01 5.307637691497802734e+00 -3.304172754287719727e+00 -4.532435989379882812e+01 -5.700574111938476562e+01 2.669496726989746094e+01 -3.213220119476318359e+00
-6.567060351371765137e-01 -3.594955825805664062e+01 9.362174987792968750e+00 2.216358566284179688e+01 3.042821693420410156e+01 -4.662554740905761719e+00 -2.713860511779785156e+01 -1.204302310943603516e+01 4.307587051391601562e+01 8.206605911254882812e+00
4.539145660400390625e+01 -3.435065841674804688e+01 -1.080298805236816406e+01 -1.050646209716796875e+01 -7.563077449798583984e+00 -2.623579216003417969e+01 -1.807425117492675781e+01 1.409765529632568359e+01 2.854314041137695312e+01 3.017468070983886719e+01
-5.112684369087219238e-01 2.370518684387207031e+01 -3.265193939208984375e+01 3.150696754455566406e+01 -1.997292935848236084e-01 3.777266693115234375e+01 4.031143569946289062e+01 1.660014724731445312e+01 5.619884967803955078e+00 3.979235076904296875e+01
-5.080164909362792969e+00 -4.161695480346679688e+01 -4.465903282165527344e+00 1.187688255310058594e+01 3.036379814147949219e+01 -1.436548995971679688e+01 -2.259923362731933594e+01 -2.945760726928710938e+01 4.173680114746093750e+01 -1.782114505767822266e+00
-1.263076496124267578e+01 4.984776687622070312e+01 -2.096739196777343750e+01 1.465902042388916016e+01 -3.270117187500000000e+01 1.324224185943603516e+01 3.717211532592773438e+01 3.026708221435546875e+01 -7.897724628448486328e+00 5.976464271545410156e+00
5.094427108764648438e+00 6.182648468017578125e+01 -1.122440910339355469e+01 8.992824554443359375e+00 -1.748568153381347656e+01 2.382309341430664062e+01 3.023553085327148438e+01 3.779694366455078125e+01 1.035408115386962891e+01 1.016573619842529297e+01
5.887403011322021484e+00 4.617101287841796875e+01 1.703480529785156250e+01 1.487537574768066406e+01 -1.602470278739929199e+00 3.604542970657348633e+00 2.171040344238281250e+01 1.253506660461425781e+01 -3.246300125122070312e+01 -7.424205017089843750e+01
8.839353561401367188e+00 -5.868160247802734375e+01 -1.646272468566894531e+01 -1.259831428527832031e+01 1.812867546081542969e+01 -1.792809295654296875e+01 -4.525238418579101562e+01 -3.021536636352539062e+01 2.561273193359375000e+01 2.614666175842285156e+01
-4.746345138549804688e+01 2.594887733459472656e+00 2.333437919616699219e+01 -3.109473609924316406e+01 1.346570301055908203e+01 5.743681430816650391e+00 -2.826352500915527344e+01 -2.374320220947265625e+01 1.764627075195312500e+01 -6.830097198486328125e+01
-6.242484283447265625e+01 -1.300158882141113281e+01 -1.040775966644287109e+01 -9.968290328979492188e+00 -5.225990772247314453e+00 1.437905406951904297e+01 -3.993354415893554688e+01 -8.897160530090332031e+00 4.392953491210937500e+01 -5.142162799835205078e+00
8.625247955322265625e+00 -2.905279922485351562e+01 -6.161956024169921875e+01 -4.047714996337890625e+01 1.279679203033447266e+01 -1.602630043029785156e+01 -5.006370162963867188e+01 -2.008909034729003906e+01 1.176094245910644531e+01 2.671714782714843750e+01
2.465728759765625000e+01 -7.648308563232421875e+01 2.227799606323242188e+01 1.673720359802246094e+01 7.675912857055664062e+00 -1.368749427795410156e+01 -3.377087402343750000e+01 -1.807098388671875000e+01 4.521621322631835938e+01 3.385604476928710938e+01
-5.197379684448242188e+01 -8.199800491333007812e+00 -1.587431812286376953e+01 -7.145083427429199219e+00 -2.769658279418945312e+01 2.109749794006347656e+01 -2.605409431457519531e+01 -2.147406959533691406e+01 1.236821269989013672e+01 -3.984527349472045898e+00
-1.846941757202148438e+01 -5.293817996978759766e+00 1.744246864318847656e+01 3.116443634033203125e+01 -4.753651046752929688e+01 6.154811859130859375e+00 -1.331188201904296875e+01 -1.718039131164550781e+01 -5.188044548034667969e+00 8.389257431030273438e+00
7.604680061340332031e+00 -2.160083198547363281e+01 2.856053924560546875e+01 4.314418792724609375e+01 -2.655199050903320312e+00 -1.793749809265136719e+00 -1.374725627899169922e+01 -3.623512649536132812e+01 -4.302830886840820312e+01 -2.555660438537597656e+01
-3.983175659179687500e+01 -1.535175800323486328e+01 -3.202596282958984375e+01 -1.105058938264846802e-01 2.103657007217407227e+00 1.564357948303222656e+01 -5.852998733520507812e+01 -3.783838272094726562e+01 3.650675201416015625e+01 1.232613658905029297e+01
-3.840409469604492188e+01 -2.551442718505859375e+01 2.321075439453125000e+01 -1.043860816955566406e+01 -2.849829483032226562e+01 -2.306500434875488281e+01 -3.774903869628906250e+01 -8.393988609313964844e+00 2.702254676818847656e+01 -2.138251686096191406e+01
-6.414817273616790771e-02 1.210813903808593750e+01 1.687375640869140625e+01 5.151616573333740234e+00 -1.132066535949707031e+01 2.024202346801757812e+01 9.743982315063476562e+00 5.485823440551757812e+01 1.958450126647949219e+01 1.802356147766113281e+01
-1.495193195343017578e+01 -2.562525367736816406e+01 -1.228158283233642578e+01 -1.250914669036865234e+01 -6.790657806396484375e+01 -2.636854648590087891e+00 -4.740370178222656250e+01 -1.461422634124755859e+01 7.058412432670593262e-01 5.316209411621093750e+01
-7.245723724365234375e+00 6.257689666748046875e+01 -4.687527847290039062e+01 1.089437580108642578e+01 -3.963240051269531250e+01 1.457918453216552734e+01 1.654806900024414062e+01 2.712793350219726562e+01 1.095583152770996094e+01 2.798921203613281250e+01
-2.652468681335449219e+00 -2.299721145629882812e+01 1.088505840301513672e+01 4.380307006835937500e+01 6.702003479003906250e+00 -1.179287052154541016e+01 -3.986412429809570312e+01 -4.568189620971679688e+01 3.773036956787109375e+01 -1.928618669509887695e+00
-2.181607055664062500e+01 -1.521441745758056641e+01 2.604234695434570312e+00 2.952217864990234375e+01 2.858877754211425781e+01 -2.523891329765319824e-01 -2.197044754028320312e+01 -6.927974700927734375e+00 6.371731185913085938e+01 -4.985981464385986328e+00
-5.929131984710693359e+00 -5.554499816894531250e+01 2.479559326171875000e+01 6.610395908355712891e+00 8.122468948364257812e+00 -2.513698577880859375e+01 -1.609506607055664062e+01 -1.118753623962402344e+01 -1.524794960021972656e+01 -1.581122779846191406e+01
9.912081146240234375e+01 1.690664672851562500e+01 9.765998077392578125e+01 8.361077880859375000e+01 3.625836181640625000e+01 -1.209428119659423828e+01 -1.758168101310729980e+00 -4.781689834594726562e+01 -6.703266906738281250e+01 -1.003177185058593750e+02
1.278477191925048828e+01 4.504207229614257812e+01 -1.996150016784667969e+01 6.281483650207519531e+00 -3.809476470947265625e+01 1.325387477874755859e+01 2.326414680480957031e+01 2.239515495300292969e+01 -6.229529857635498047e+00 2.330111885070800781e+01
-1.166798114776611328e+01 3.837355804443359375e+01 -2.166105461120605469e+01 1.809877586364746094e+01 -5.440642166137695312e+01 1.192522239685058594e+01 1.668731689453125000e+01 2.606514167785644531e+01 9.620549201965332031e+00 2.177844238281250000e+01
1.225147962570190430e+00 3.508423995971679688e+01 -2.999479675292968750e+01 2.115716361999511719e+01 -4.675307464599609375e+01 8.627575874328613281e+00 4.105676269531250000e+01 2.199201774597167969e+01 3.900501251220703125e+01 4.256745529174804688e+01
-1.102338027954101562e+01 3.946692276000976562e+01 -3.655961608886718750e+01 -8.139842033386230469e+00 -6.968468475341796875e+01 -8.855556488037109375e+00 -9.543485641479492188e+00 2.775421333312988281e+01 1.976613616943359375e+01 2.588139724731445312e+01
-1.016896247863769531e+01 -3.063087654113769531e+01 2.772147369384765625e+01 8.422196388244628906e+00 -7.409026145935058594e+00 -1.719960403442382812e+01 1.182540416717529297e+01 1.076019668579101562e+01 -2.934298896789550781e+01 -3.304968261718750000e+01
-5.088636875152587891e+00 2.862850570678710938e+01 -6.470484924316406250e+01 -2.807704544067382812e+01 -2.625891113281250000e+01 1.508362293243408203e+01 1.617703056335449219e+01 3.401192855834960938e+01 -1.191533184051513672e+01 3.733391571044921875e+01
-3.040493011474609375e+01 -4.268996238708496094e+00 -5.036710739135742188e+01 -3.400104141235351562e+01 -2.179295921325683594e+01 4.691962242126464844e+00 -2.899536895751953125e+01 1.533258247375488281e+01 -1.583698034286499023e+00 1.847251510620117188e+01
-2.571025848388671875e+01 -5.401858139038085938e+01 3.313935470581054688e+01 1.316179084777832031e+01 1.195880985260009766e+01 7.829614162445068359e+00 -1.519526672363281250e+01 -5.550764560699462891e+00 -6.048900127410888672e+00 -1.127902412414550781e+01
-7.578569412231445312e+00 -7.587425231933593750e+01 2.906445884704589844e+01 5.269303321838378906e+00 1.790641403198242188e+01 7.233175277709960938e+00 -2.718002891540527344e+01 -1.650891876220703125e+01 2.649566411972045898e+00 1.484496116638183594e+01
-3.768550109863281250e+01 -2.019673347473144531e+01 -2.167276000976562500e+01 -1.439919662475585938e+01 2.818866348266601562e+01 -5.794182300567626953e+00 -3.854148101806640625e+01 -1.211265277862548828e+01 1.791368484497070312e+01 -1.840119934082031250e+01
3.504891395568847656e+00 -3.963873291015625000e+01 6.195419311523437500e+00 4.151858329772949219e+00 2.004311180114746094e+01 -9.082948684692382812e+00 -4.868317031860351562e+01 -2.912357711791992188e+01 4.697989273071289062e+01 1.696570014953613281e+01
1.658260154724121094e+01 -2.683233261108398438e+01 1.713455963134765625e+01 3.609569931030273438e+01 3.999944305419921875e+01 -1.338964271545410156e+01 -2.098933029174804688e+01 -3.125183296203613281e+01 3.012401580810546875e+01 -1.132476234436035156e+01
8.699438095092773438e+00 5.587805938720703125e+01 -2.481941223144531250e+01 -2.712607955932617188e+01 3.895401477813720703e+00 1.927707099914550781e+01 -3.745543956756591797e+00 2.598848152160644531e+01 1.596442222595214844e+01 -1.213810062408447266e+01
-2.442631721496582031e+01 -4.196096801757812500e+01 1.989936637878417969e+01 2.689089965820312500e+01 2.642384719848632812e+01 7.674659252166748047e+00 -3.267414093017578125e+01 -2.279571723937988281e+01 5.315360260009765625e+01 1.244365310668945312e+01
-2.543731498718261719e+01 -2.388986206054687500e+01 -2.338050842285156250e+00 3.282493114471435547e+00 -2.557084274291992188e+01 5.013603687286376953e+00 -2.000180053710937500e+01 -2.242050933837890625e+01 -3.507416915893554688e+01 -4.230673789978027344e+00
1.326768302917480469e+01 -1.556564450263977051e+00 -3.375019073486328125e+01 -4.552311706542968750e+01 -2.334370040893554688e+01 -2.336833000183105469e+01 -2.783488655090332031e+01 1.475425243377685547e+01 -3.074715852737426758e+00 -1.042926216125488281e+01
-2.785589218139648438e+01 -1.835730361938476562e+01 2.691112518310546875e+01 1.688055801391601562e+01 -3.389580917358398438e+01 -7.284832477569580078e+00 -7.893519878387451172e+00 2.410700559616088867e+00 5.104599475860595703e+00 -1.526927757263183594e+01
9.315028190612792969e+00 1.646879768371582031e+01 -2.693915939331054688e+01 -2.732961654663085938e+01 7.728594303131103516e+00 -1.839619445800781250e+01 -1.509453964233398438e+01 -4.448177814483642578e+00 -3.553132247924804688e+01 -5.597171401977539062e+01
-1.506037712097167969e+01 6.453665924072265625e+01 -4.379996490478515625e+01 -5.442695140838623047e+00 -2.619998157024383545e-01 3.011843872070312500e+01 1.144540214538574219e+01 1.362924003601074219e+01 -3.509218215942382812e+00 -6.516390323638916016e+00
-5.563792228698730469e+00 -2.829128265380859375e+01 -1.084067821502685547e+01 1.738460540771484375e+01 2.270457458496093750e+01 -1.609272766113281250e+01 -4.629455566406250000e+01 -3.955199813842773438e+01 1.265528964996337891e+01 -1.601608395576477051e+00
-7.875601053237915039e-01 -5.864944839477539062e+01 6.348088264465332031e+00 1.055128765106201172e+01 7.256789207458496094e+00 -1.179393577575683594e+01 -4.341571426391601562e+01 -3.431047058105468750e+01 4.320813369750976562e+01 2.961386680603027344e+01
2.313269042968750000e+01 4.936507034301757812e+01 1.110662651062011719e+01 5.028860473632812500e+01 -1.605297279357910156e+01 2.412642669677734375e+01 3.725590515136718750e+01 1.838788032531738281e+01 1.353735446929931641e+01 1.054758739471435547e+01
-2.251011133193969727e+00 -4.240447235107421875e+01 7.100213527679443359e+00 2.746632003784179688e+01 1.573064422607421875e+01 -1.423335933685302734e+01 -3.818578338623046875e+01 -3.259578323364257812e+01 4.992931365966796875e+01 1.648607063293457031e+01
-1.751671028137207031e+01 -1.622429275512695312e+01 -7.379903793334960938e+00 -1.437354278564453125e+01 1.494928264617919922e+01 1.555502414703369141e+01 -1.443409156799316406e+01 1.960807609558105469e+01 2.338062477111816406e+01 1.567855834960937500e+01
5.644202232360839844e+00 -1.512432956695556641e+01 -1.445705795288085938e+01 2.589456748962402344e+01 3.327073287963867188e+01 -1.366160392761230469e+01 -1.308527374267578125e+01 -2.179104042053222656e+01 2.067715454101562500e+01 -5.807267189025878906e+00
-1.138739585876464844e+01 9.907167553901672363e-01 -4.782344818115234375e+01 -9.411139488220214844e+00 9.339340209960937500e+00 2.852003669738769531e+01 -2.644068241119384766e+00 1.952293205261230469e+01 1.582068157196044922e+01 4.564076232910156250e+01
-2.200430870056152344e+01 1.093487644195556641e+01 -4.548854064941406250e+01 -3.842582321166992188e+01 -5.556714248657226562e+01 -1.512580013275146484e+01 -1.583880138397216797e+01 1.733293914794921875e+01 2.000029754638671875e+01 1.468644332885742188e+01
-1.653377532958984375e+01 -1.341240119934082031e+01 1.885997056961059570e+00 3.331428909301757812e+01 2.735878562927246094e+01 6.178162097930908203e+00 -3.003952980041503906e+01 -3.989974594116210938e+01 2.214988327026367188e+01 -1.214390659332275391e+01
1.750409317016601562e+01 -6.146126174926757812e+01 -3.625838851928710938e+01 -2.756147861480712891e+00 6.289530754089355469e+00 -2.961590576171875000e+01 -3.145341873168945312e+01 -2.231950908899307251e-01 1.518128490447998047e+01 3.903268814086914062e+01
-2.660807847976684570e+00 3.058188819885253906e+01 -5.002962589263916016e+00 1.121061801910400391e+01 -2.212366485595703125e+01 3.076896286010742188e+01 5.550330638885498047e+00 1.297532463073730469e+01 1.859822654724121094e+01 2.776294708251953125e+01
2.482815551757812500e+01 4.358726882934570312e+01 -4.119257736206054688e+01 9.071688652038574219e+00 -9.144165992736816406e+00 1.181541824340820312e+01 3.070213699340820312e+01 2.764920234680175781e+01 1.203944396972656250e+01 3.322424697875976562e+01
-6.904204368591308594e+00 2.552513313293457031e+01 -3.548709487915039062e+01 -1.321129512786865234e+01 -2.190639305114746094e+01 3.400331878662109375e+01 1.933389091491699219e+01 2.205250358581542969e+01 4.317622184753417969e+00 4.149534606933593750e+01
-2.414344406127929688e+01 5.204744338989257812e+01 -5.574167251586914062e+01 -5.559867620468139648e-01 -4.306579208374023438e+01 3.151409721374511719e+01 2.224309349060058594e+01 3.642666578292846680e+00 -2.963439822196960449e-01 1.969452667236328125e+01
-1.208108425140380859e+01 5.676351547241210938e+01 -9.119671821594238281e+00 -1.317150306701660156e+01 -6.729112243652343750e+01 -4.971057415008544922e+00 -2.655303764343261719e+01 4.038286685943603516e+00 3.988665390014648438e+01 -9.845993995666503906e+00
-7.413869857788085938e+00 -3.287625885009765625e+01 -3.414393615722656250e+01 -6.435420036315917969e+00 3.338728713989257812e+01 -2.426392555236816406e+01 -3.909999465942382812e+01 -2.490276527404785156e+01 2.637125968933105469e+00 -9.692638397216796875e+00
-4.841333389282226562e+01 -6.492183685302734375e+00 -2.571574783325195312e+01 2.604264736175537109e+00 -1.037818813323974609e+01 1.947700500488281250e+01 -4.313908004760742188e+01 -2.671756362915039062e+01 1.828004264831542969e+01 1.385352993011474609e+01
-3.657566452026367188e+01 4.263076782226562500e+00 1.811868667602539062e+01 2.360447883605957031e+01 -1.855562973022460938e+01 2.782390975952148438e+01 2.284249305725097656e+00 -1.420632266998291016e+01 -2.807978057861328125e+01 -2.367234611511230469e+01
-1.392229652404785156e+01 -2.295958518981933594e+00 -2.168301582336425781e+01 -2.131163787841796875e+01 -8.839257240295410156e+00 2.375060462951660156e+01 -2.556582450866699219e+01 -8.215504646301269531e+00 3.319940948486328125e+01 2.371481895446777344e+01
-3.317265701293945312e+01 -2.857364416122436523e+00 1.240320682525634766e+01 9.031139373779296875e+00 -3.124422454833984375e+01 2.473624610900878906e+01 -6.884580135345458984e+00 1.850491404533386230e+00 -3.211942291259765625e+01 -1.775022125244140625e+01
6.857636451721191406e+00 -3.570761489868164062e+01 -2.636133766174316406e+01 -1.110563945770263672e+01 2.865449142456054688e+01 -2.364959907531738281e+01 -4.240109252929687500e+01 -7.994344711303710938e+00 2.731230735778808594e+01 1.349744987487792969e+01
-6.373054027557373047e+00 2.625284194946289062e+01 -7.160882568359375000e+01 -1.409914779663085938e+01 -4.886873245239257812e+01 -5.405432224273681641e+00 1.198093771934509277e+00 1.811180877685546875e+01 -2.841137504577636719e+01 3.546019744873046875e+01
1.862821578979492188e+01 -4.163275527954101562e+01 -1.171499538421630859e+01 -9.067853927612304688e+00 3.307239151000976562e+01 -1.300500011444091797e+01 -2.893293762207031250e+01 -2.274546623229980469e+01 4.562505722045898438e+01 1.111283016204833984e+01
3.499494552612304688e+01 -3.400722885131835938e+01 7.641375732421875000e+01 -1.560947036743164062e+01 9.434925079345703125e+00 -3.337305068969726562e+01 7.117533111572265625e+01 6.027219772338867188e+01 -2.294827222824096680e+00 -5.746818923950195312e+01
6.729434204101562500e+01 4.113507461547851562e+01 3.154583358764648438e+01 3.649074935913085938e+01 1.627075004577636719e+01 -7.417332172393798828e+00 3.138038635253906250e+01 -2.616981744766235352e+00 -5.114998245239257812e+01 -7.499449157714843750e+01
-1.297091960906982422e+01 -2.131344795227050781e+01 1.117704391479492188e+01 1.453079128265380859e+01 1.875490188598632812e+01 4.607979774475097656e+00 -4.938688659667968750e+01 -3.114799880981445312e+01 5.481272125244140625e+01 -3.863750696182250977e-01
1.647860717773437500e+01 -5.623431396484375000e+01 3.994282960891723633e+00 -6.540322113037109375e+01 -4.418607234954833984e+00 -7.899716186523437500e+01 4.740024185180664062e+01 8.210794067382812500e+01 -3.401052474975585938e+01 -9.436539459228515625e+01
1.534251213073730469e+00 1.942974281311035156e+01 -4.261978530883789062e+01 -4.972517776489257812e+01 -2.997980308532714844e+01 -2.019331741333007812e+01 1.476632213592529297e+01 3.317193222045898438e+01 -1.288843154907226562e+01 -3.276097869873046875e+01
-4.550645446777343750e+01 -4.860777282714843750e+01 2.441440582275390625e+01 3.812426757812500000e+01 4.408214092254638672e+00 1.473016452789306641e+01 -3.666101837158203125e+01 -2.182581138610839844e+01 5.941853332519531250e+01 2.006472396850585938e+01
-1.739997291564941406e+01 -3.385419082641601562e+01 1.196616840362548828e+01 1.410910701751708984e+01 1.202499389648437500e+01 -1.273437595367431641e+01 -3.627826309204101562e+01 -2.678140449523925781e+01 2.186223602294921875e+01 -3.386399745941162109e+00
9.278117179870605469e+00 -2.077112960815429688e+01 -1.216569614410400391e+01 8.670359611511230469e+00 4.290480041503906250e+01 -1.358185958862304688e+01 -3.541579437255859375e+01 -2.720622825622558594e+01 1.316211891174316406e+01 -1.419609165191650391e+01
-4.318387985229492188e+01 -3.788062667846679688e+01 -9.910868644714355469e+00 -1.542937660217285156e+01 -8.804598808288574219e+00 3.246002912521362305e+00 -3.804550552368164062e+01 -2.786370277404785156e+01 -2.229291915893554688e+00 4.971566200256347656e+00
-8.872026443481445312e+00 -4.076094150543212891e+00 -2.143805694580078125e+01 -5.270554351806640625e+01 1.805188751220703125e+01 -3.227414369583129883e+00 -2.403822326660156250e+01 1.746922612190246582e+00 -2.515592384338378906e+01 -3.829565811157226562e+01
1.333117485046386719e+01 -3.051383018493652344e+01 2.803155326843261719e+01 3.528090667724609375e+01 5.648231506347656250e+01 -2.212083244323730469e+01 1.690062904357910156e+01 -3.965804576873779297e-01 1.144599246978759766e+01 -4.062689208984375000e+01
2.503275489807128906e+01 -5.668749237060546875e+01 3.529955673217773438e+01 2.317612457275390625e+01 -2.481293869018554688e+01 -1.422462749481201172e+01 -4.207446289062500000e+01 -3.919998550415039062e+01 3.505258178710937500e+01 3.815436553955078125e+01
1.412812948226928711e+00 1.700182723999023438e+01 -2.255785703659057617e+00 7.377547740936279297e+00 -2.940201759338378906e+01 1.823562812805175781e+01 3.939192533493041992e+00 1.329073715209960938e+01 -1.832355260848999023e+00 4.018883132934570312e+01
3.158031845092773438e+01 -5.142570877075195312e+01 -1.118757152557373047e+01 -4.186872005462646484e+00 -1.268003284931182861e-01 -2.721441984176635742e+00 -1.482987976074218750e+01 3.774849653244018555e+00 5.880159854888916016e+00 4.735754013061523438e+01
-4.772141456604003906e+00 1.335844397544860840e+00 4.954897308349609375e+01 4.325477218627929688e+01 -2.954108810424804688e+01 1.465800094604492188e+01 2.118530273437500000e+01 2.236725234985351562e+01 -1.211258530616760254e+00 2.682183027267456055e+00
-1.112024211883544922e+01 1.060999584197998047e+01 -7.164539337158203125e+01 -4.948760986328125000e+01 8.358863830566406250e+00 1.920288467407226562e+01 -2.394193649291992188e+01 8.088633537292480469e+00 9.935378074645996094e+00 2.905825996398925781e+01
1.562333202362060547e+01 -5.505389785766601562e+01 4.678199768066406250e+01 1.234327411651611328e+01 3.091886138916015625e+01 -3.151990318298339844e+01 1.160951900482177734e+01 1.354525566101074219e+01 9.208709716796875000e+00 -3.394644927978515625e+01
-5.278836059570312500e+01 -1.284730243682861328e+01 1.724941253662109375e+01 -3.510950469970703125e+01 -8.198702812194824219e+00 -2.514939498901367188e+01 -9.677527427673339844e+00 1.815703773498535156e+01 1.373653030395507812e+01 -6.653209686279296875e+01
-7.735326290130615234e-01 -1.496035289764404297e+01 4.138682174682617188e+01 4.290630340576171875e+01 -2.300206947326660156e+01 1.336686515808105469e+01 2.730577850341796875e+01 2.435581779479980469e+01 2.871374320983886719e+01 2.688956832885742188e+01
-1.527957916259765625e+01 -4.124753475189208984e+00 -3.433306121826171875e+01 -3.184086418151855469e+01 3.978683090209960938e+01 4.357423782348632812e+00 -4.602127075195312500e+00 -2.578325271606445312e+00 -1.437999057769775391e+01 -3.821895217895507812e+01
-2.664088487625122070e+00 4.655023193359375000e+01 -3.488290786743164062e+01 1.245813608169555664e+00 -5.590174674987792969e+00 5.588602447509765625e+01 9.495273590087890625e+00 -3.183490562438964844e+01 3.874697875976562500e+01 3.654253005981445312e+01
-1.847650146484375000e+01 1.339342713356018066e+00 -4.244166183471679688e+01 -5.580738067626953125e+01 -2.259623336791992188e+01 -2.616722679138183594e+01 -4.182839202880859375e+01 -1.485611319541931152e+00 1.466790437698364258e+00 -2.247316360473632812e+01
-4.310093307495117188e+01 -1.818714332580566406e+01 -3.580385589599609375e+01 -1.226328754425048828e+01 -1.918049430847167969e+01 6.825537204742431641e+00 -5.644458007812500000e+01 -2.579519844055175781e+01 1.699746894836425781e+01 1.877011108398437500e+01
1.728666114807128906e+01 -2.976091194152832031e+01 9.198144078254699707e-01 -3.231642246246337891e+00 2.726156997680664062e+01 2.097190380096435547e+00 -1.423458099365234375e+01 2.408782577514648438e+01 -2.885405302047729492e+00 -1.757627248764038086e+00
-6.514473438262939453e+00 -1.117484951019287109e+01 -6.154906845092773438e+01 -2.334583282470703125e+01 -6.110474014282226562e+01 1.686943626403808594e+01 -2.997521400451660156e+01 -1.674508476257324219e+01 -1.128780651092529297e+01 8.422064971923828125e+01
1.660632705688476562e+01 -6.387155532836914062e+01 -5.017037391662597656e+00 1.088742256164550781e+01 1.651688575744628906e+01 -2.541254997253417969e+01 -4.107871246337890625e+01 -2.305002212524414062e+01 3.721482467651367188e+01 2.856309700012207031e+01
-3.949683380126953125e+01 -3.567053675651550293e-01 -1.426491641998291016e+01 -9.314894676208496094e+00 2.944559478759765625e+01 -6.558607101440429688e+00 -4.393476867675781250e+01 -2.066623497009277344e+01 7.523274230957031250e+01 -2.677176284790039062e+01
4.889429807662963867e-01 -6.240165710449218750e+01 -1.195940303802490234e+01 2.088609457015991211e+00 1.056732273101806641e+01 -1.109661960601806641e+01 -4.134069442749023438e+01 -1.804557991027832031e+01 3.923349380493164062e+01 3.970103454589843750e+01
2.092934036254882812e+01 9.736668586730957031e+00 -1.766261863708496094e+01 -2.243319129943847656e+01 1.048830795288085938e+01 -4.665176868438720703e+00 -4.099724292755126953e-01 2.317089843750000000e+01 -1.727083969116210938e+01 -2.333455276489257812e+01
3.348143005371093750e+01 -6.333094787597656250e+01 -1.341142749786376953e+01 -2.536240959167480469e+01 2.416271591186523438e+01 -2.691753864288330078e+00 -1.919196319580078125e+01 3.858934879302978516e+00 2.214654159545898438e+01 4.517375564575195312e+01
-4.100553512573242188e+01 5.495261764526367188e+01 -1.090327072143554688e+01 3.948664093017578125e+01 -3.637752914428710938e+01 2.452972221374511719e+01 1.953832817077636719e+01 -1.082920551300048828e+00 2.135918998718261719e+01 -1.645427703857421875e+01
-5.591151046752929688e+01 1.094883537292480469e+01 -6.906331777572631836e-01 -3.102915000915527344e+01 1.052121639251708984e+01 3.488503646850585938e+01 -1.965287208557128906e+01 1.390048694610595703e+01 2.881209945678710938e+01 -1.998373985290527344e+01
-4.525955677032470703e+00 -8.443799972534179688e+00 3.170014953613281250e+01 2.343780326843261719e+01 1.156028652191162109e+01 5.426087379455566406e+00 -2.026769065856933594e+01 -2.775469970703125000e+01 -2.610942459106445312e+01 -4.307157516479492188e+01
9.962078094482421875e+00 -3.390128326416015625e+01 -4.911458969116210938e+01 -2.740255165100097656e+01 -2.556229531764984131e-01 -2.853651237487792969e+01 -5.642182540893554688e+01 -2.402498245239257812e+01 7.544056892395019531e+00 2.310837936401367188e+01
1.228911113739013672e+01 5.673799514770507812e+01 -2.521845245361328125e+01 2.924646377563476562e+00 -1.851888275146484375e+01 1.301705455780029297e+01 3.716390991210937500e+01 4.306485748291015625e+01 -1.292871117591857910e+00 1.624649620056152344e+01
-1.613619613647460938e+01 -1.993340110778808594e+01 -1.245161175727844238e+00 -1.831849861145019531e+01 4.217465972900390625e+01 1.074878883361816406e+01 -4.243117904663085938e+01 -2.094681549072265625e+01 4.564060592651367188e+01 -1.571812534332275391e+01
2.543944358825683594e+01 6.505668640136718750e+00 2.181147193908691406e+01 2.952915573120117188e+01 -2.537446212768554688e+01 2.330724000930786133e+00 2.838816070556640625e+01 1.916187858581542969e+01 -1.519626045227050781e+01 -2.299216985702514648e+00
-1.116245150566101074e+00 -3.814149475097656250e+01 -6.292513275146484375e+01 -2.674829483032226562e+01 1.519884490966796875e+01 -1.824698829650878906e+01 -4.416171264648437500e+01 -1.167550754547119141e+01 3.160396575927734375e+01 4.005386352539062500e+01
2.458750915527343750e+01 -6.523067474365234375e+01 4.570910644531250000e+01 9.450519561767578125e+00 -2.009029006958007812e+01 1.583815693855285645e+00 -7.940325260162353516e+00 -4.460919857025146484e+00 1.688772392272949219e+01 4.875616836547851562e+01
-2.374273300170898438e+00 2.228754425048828125e+01 -2.693594169616699219e+01 3.544435501098632812e+01 -6.670115661621093750e+01 1.348441982269287109e+01 3.105743646621704102e+00 4.152134895324707031e+00 -2.022875308990478516e+00 5.654559707641601562e+01
1.024042320251464844e+01 3.708149337768554688e+01 -3.915628051757812500e+01 -3.241297531127929688e+01 -2.577395057678222656e+01 7.887870311737060547e+00 1.534864425659179688e+01 3.468120574951171875e+01 9.733677864074707031e+00 1.691711997985839844e+01
-1.293881225585937500e+01 -3.826313781738281250e+01 1.096892070770263672e+01 -2.125985717773437500e+01 2.409761047363281250e+01 1.527435302734375000e+01 -3.174648094177246094e+01 -1.710892200469970703e+00 1.324723815917968750e+01 -3.189135551452636719e+00
-2.475480079650878906e+01 -1.563244628906250000e+01 -2.496987104415893555e+00 3.131430625915527344e+01 -5.323397827148437500e+01 2.978556060791015625e+01 1.397736358642578125e+01 1.008469963073730469e+01 7.408398151397705078e+00 5.754205322265625000e+01
-7.894532084465026855e-01 -2.305297660827636719e+01 4.543417358398437500e+01 7.328506112098693848e-01 4.074884414672851562e+00 -2.265864133834838867e+00 -1.535515308380126953e+01 -4.795837879180908203e+00 1.074343872070312500e+01 -2.328397369384765625e+01
-1.848298645019531250e+01 -8.547664642333984375e+00 -4.479324340820312500e+01 8.644262552261352539e-01 -6.810996246337890625e+01 -6.426913261413574219e+00 -3.990198516845703125e+01 -4.067021846771240234e+00 -1.394763755798339844e+01 5.502528381347656250e+01
1.018886375427246094e+01 8.080368041992187500e+01 -1.364742374420166016e+01 2.045727539062500000e+01 -1.196485710144042969e+01 2.384062576293945312e+01 2.725110054016113281e+01 1.455070018768310547e+01 5.104388713836669922e+00 -2.229786109924316406e+01
2.370455932617187500e+01 4.685551834106445312e+01 -6.624485492706298828e+00 1.744541740417480469e+01 -6.229196929931640625e+01 4.763303756713867188e+00 5.641301155090332031e+00 -8.712753295898437500e+00 -6.137703061103820801e-01 1.855005645751953125e+01
-3.620956420898437500e+01 -1.375726127624511719e+01 -2.429168224334716797e-01 2.218943786621093750e+01 -3.452055740356445312e+01 1.944010734558105469e+01 9.171089172363281250e+00 -6.972905635833740234e+00 -3.726552581787109375e+01 -5.381841659545898438e+00
-4.316467285156250000e+00 -3.122829627990722656e+01 2.668048286437988281e+01 2.703967475891113281e+01 3.479953002929687500e+01 7.760342121124267578e+00 -1.215462875366210938e+01 -2.541923141479492188e+01 5.207751846313476562e+01 -7.260001182556152344e+00
-2.312199211120605469e+01 -4.279424285888671875e+01 1.428820514678955078e+01 3.436265945434570312e+01 1.075904750823974609e+01 -3.938769817352294922e+00 -3.490611648559570312e+01 -1.190422058105468750e+01 6.988774108886718750e+01 1.207825088500976562e+01
-2.389011383056640625e+01 2.217707061767578125e+01 1.985052299499511719e+01 2.780908966064453125e+01 -1.244781970977783203e+01 2.547557830810546875e+01 3.108718681335449219e+01 4.012847900390625000e+01 2.469813156127929688e+01 -8.465488433837890625e+00
-1.781157875061035156e+01 -5.110332870483398438e+01 2.655507087707519531e+01 3.386084365844726562e+01 1.190901088714599609e+01 -2.969423532485961914e-01 -3.231373214721679688e+01 -1.779940605163574219e+01 2.782881164550781250e+01 7.667924404144287109e+00
-2.447186088562011719e+01 8.334136009216308594e+00 2.610142135620117188e+01 -3.148651123046875000e+01 -1.177441024780273438e+01 -2.438600540161132812e+00 -1.637207412719726562e+01 -2.849274873733520508e-02 -2.993712663650512695e+00 -5.136759185791015625e+01
2.401122283935546875e+01 4.880487442016601562e+01 -5.458277702331542969e+00 -8.539646267890930176e-01 5.090535640716552734e+00 1.663829326629638672e+00 2.711305999755859375e+01 1.744041633605957031e+01 -2.436918067932128906e+01 -5.355699539184570312e+01
-4.056505966186523438e+01 -3.190064239501953125e+01 2.164567756652832031e+01 9.255496025085449219e+00 -1.269089794158935547e+01 4.214323043823242188e+00 -3.436463546752929688e+01 -7.546813011169433594e+00 1.049624824523925781e+01 -3.484868288040161133e+00
-1.730394554138183594e+01 -3.579683303833007812e+01 3.673280334472656250e+01 3.443669128417968750e+01 -2.631437683105468750e+01 2.817774057388305664e+00 -2.015599060058593750e+01 -1.195972061157226562e+01 9.316778182983398438e+00 2.060797500610351562e+01
1.198611545562744141e+01 -1.475486660003662109e+01 3.483738708496093750e+01 9.476014137268066406e+00 8.320776939392089844e+00 1.077774524688720703e+01 1.269992065429687500e+01 1.305377364158630371e+00 -8.335613250732421875e+00 -1.059025859832763672e+01
7.466689109802246094e+00 3.429321289062500000e+01 -1.818661308288574219e+01 -1.365490818023681641e+01 2.871395111083984375e+00 1.974609375000000000e+01 1.315096950531005859e+01 3.115251731872558594e+01 3.951025772094726562e+01 3.049721908569335938e+01
1.159756469726562500e+01 -3.740945816040039062e+01 -2.644933223724365234e+00 5.466058254241943359e+00 1.394339466094970703e+01 -1.424584579467773438e+01 -4.691812133789062500e+01 -4.012178421020507812e+01 2.624360466003417969e+01 1.909499168395996094e+01
2.024068450927734375e+01 -4.437449645996093750e+01 4.330243682861328125e+01 3.305821990966796875e+01 1.168077564239501953e+01 1.178418064117431641e+01 -4.097848415374755859e+00 1.307573914527893066e+00 1.492235374450683594e+01 2.277877044677734375e+01
-2.263545608520507812e+01 -4.811107635498046875e+01 -9.212217330932617188e+00 6.524723052978515625e+00 2.589797592163085938e+01 -2.210971713066101074e-01 -3.697445297241210938e+01 -2.645313262939453125e+01 1.338741397857666016e+01 8.612754821777343750e+00
-2.358022499084472656e+01 -3.573712921142578125e+01 2.771195220947265625e+01 2.926871109008789062e+01 -1.701486968994140625e+01 2.064938068389892578e+00 7.196828842163085938e+00 9.349830627441406250e+00 -2.589883041381835938e+01 -1.049764728546142578e+01
-5.307803344726562500e+01 1.555701160430908203e+01 5.351782608032226562e+01 -3.461935997009277344e+00 -3.151405143737792969e+01 -1.188065052032470703e+01 -2.398696136474609375e+01 -5.200703144073486328e+00 3.118859481811523438e+01 -8.048106384277343750e+01
2.672374916076660156e+01 -3.243529129028320312e+01 -1.052323150634765625e+01 -6.492467880249023438e+00 2.126129722595214844e+01 -1.122404289245605469e+01 -4.280786514282226562e+01 -1.758733177185058594e+01 2.901101303100585938e+01 2.279628181457519531e+01
5.016497802734375000e+01 -3.758464813232421875e+01 2.339798736572265625e+01 3.158154678344726562e+01 2.298512458801269531e+00 -3.169905662536621094e+01 -4.048382186889648438e+01 -5.050263977050781250e+01 2.693268203735351562e+01 3.241300106048583984e+00
-1.097476100921630859e+01 -2.355731487274169922e+00 1.324621582031250000e+01 5.412266159057617188e+01 -2.238118362426757812e+01 2.898036766052246094e+01 2.631727218627929688e+01 1.700104713439941406e+01 -1.626584053039550781e+00 3.171746253967285156e+01
-8.023175239562988281e+00 8.564926147460937500e+00 1.069833564758300781e+01 -3.226254653930664062e+01 1.863014698028564453e+00 -1.789035034179687500e+01 -2.018489074707031250e+01 -4.438895225524902344e+00 -9.430834770202636719e+00 -6.459049987792968750e+01
4.671941757202148438e+00 5.529890441894531250e+01 -5.964979171752929688e+01 -2.017012023925781250e+01 -1.890160179138183594e+01 1.187028408050537109e+00 3.239634990692138672e+00 1.569946002960205078e+01 -8.233594894409179688e+00 -1.604549598693847656e+01
3.457263708114624023e+00 4.521413421630859375e+01 -3.294765853881835938e+01 -1.181780529022216797e+01 -2.007250213623046875e+01 1.879915809631347656e+01 1.641772460937500000e+01 2.963742256164550781e+01 -1.745929336547851562e+01 9.725588798522949219e+00
-3.464603042602539062e+01 -4.967323303222656250e+01 4.432696151733398438e+01 1.173371410369873047e+01 1.962585449218750000e+01 -1.943738555908203125e+01 -2.305072593688964844e+01 -8.223288536071777344e+00 4.328180313110351562e+01 -3.262977981567382812e+01
-2.664488220214843750e+01 2.007286643981933594e+01 -7.480962276458740234e+00 6.916155815124511719e+00 7.981677055358886719e+00 4.341228103637695312e+01 1.977016258239746094e+01 1.772802352905273438e+01 3.849189758300781250e+01 2.056453323364257812e+01
2.808434677124023438e+01 1.725811195373535156e+01 -5.908118057250976562e+01 1.218082427978515625e+01 -1.979661750793457031e+01 1.392737960815429688e+01 3.375091171264648438e+01 2.217302322387695312e+01 -2.891381502151489258e+00 6.228147125244140625e+01
-2.661793899536132812e+01 -3.063230514526367188e+01 1.489835166931152344e+01 9.695661544799804688e+00 6.375521659851074219e+00 2.561701965332031250e+01 -2.779757022857666016e+00 -5.010454654693603516e+00 -2.574810981750488281e+01 -2.755647659301757812e+00
3.649236679077148438e+01 6.520945739746093750e+01 -8.101835632324218750e+01 -1.034426593780517578e+01 1.555123329162597656e+01 1.724597930908203125e+01 4.211596679687500000e+01 1.782171630859375000e+01 -3.304072022438049316e-01 1.232038974761962891e+01
2.097994422912597656e+01 -4.552827835083007812e+01 -4.859520721435546875e+01 -2.831354141235351562e+01 2.297678947448730469e+01 -2.214612197875976562e+01 -3.948891448974609375e+01 -2.188419342041015625e+01 2.351077842712402344e+01 2.205622673034667969e+01
-2.650025558471679688e+01 7.975409698486328125e+01 -4.677400970458984375e+01 -4.430062294006347656e+00 -4.015043258666992188e+01 1.718816184997558594e+01 2.200605010986328125e+01 -4.963944554328918457e-01 2.153487396240234375e+01 -1.725832176208496094e+01
-1.611352157592773438e+01 2.086008071899414062e+01 -9.723351287841796875e+01 -2.259166717529296875e+01 1.325154423713684082e+00 1.655297279357910156e+01 1.077736377716064453e+01 1.121546459197998047e+01 -1.045894432067871094e+01 2.959886550903320312e+01
-1.902445220947265625e+01 -2.717034912109375000e+01 -1.010406780242919922e+01 -2.595510101318359375e+01 -1.066005706787109375e+01 -3.299450129270553589e-02 -2.391168975830078125e+01 2.595141029357910156e+01 6.003867721557617188e+01 2.173031425476074219e+01
1.124615573883056641e+01 -3.668538665771484375e+01 -1.138044166564941406e+01 -2.478015184402465820e+00 1.552572822570800781e+01 -1.943527412414550781e+01 -4.809835052490234375e+01 -2.275706100463867188e+01 4.345740509033203125e+01 1.842480659484863281e+01
2.084299564361572266e+00 -4.249598312377929688e+01 -8.166575431823730469e+00 1.279628753662109375e+01 2.712533187866210938e+01 -1.113660049438476562e+01 -3.384977340698242188e+01 -1.277154541015625000e+01 4.798550415039062500e+01 2.379430961608886719e+01
-1.023760318756103516e+01 -3.142117691040039062e+01 -1.796921193599700928e-01 3.205277252197265625e+01 1.725823974609375000e+01 -8.930321693420410156e+00 -3.262628173828125000e+01 -2.200730133056640625e+01 5.227976989746093750e+01 1.705510139465332031e+01
-7.592714786529541016e+00 2.011730670928955078e+00 -6.325399398803710938e+01 -2.539745140075683594e+01 -7.685292053222656250e+01 -7.598977088928222656e-01 -3.471726989746093750e+01 -1.257093811035156250e+01 -1.409719562530517578e+01 6.026974105834960938e+01
-5.142431259155273438e+01 -2.775546073913574219e+01 1.391367721557617188e+01 -1.920665740966796875e+01 3.942209482192993164e+00 2.573656463623046875e+01 -2.635367202758789062e+01 -1.696566104888916016e+00 5.734384918212890625e+01 1.336818408966064453e+01
-1.188269138336181641e+01 8.241272926330566406e+00 -4.170008850097656250e+01 -4.884846878051757812e+01 -1.739626502990722656e+01 -1.165686845779418945e-01 -1.555982017517089844e+01 2.595546722412109375e+00 -3.912501144409179688e+01 -3.133847618103027344e+01
6.578192234039306641e+00 7.690129852294921875e+01 -3.035614967346191406e+01 1.087679100036621094e+01 -4.976834487915039062e+01 5.829170703887939453e+00 2.835312652587890625e+01 4.176485443115234375e+01 1.377031517028808594e+01 8.735161781311035156e+00
-1.033544254302978516e+01 4.148802185058593750e+01 -1.592194747924804688e+01 1.989846992492675781e+01 -2.451262092590332031e+01 2.296196937561035156e+01 3.370737075805664062e+01 1.978227424621582031e+01 3.265204429626464844e+00 1.776358795166015625e+01
3.665392160415649414e+00 -4.280249786376953125e+01 5.574305343627929688e+01 1.958612060546875000e+01 1.132358360290527344e+01 1.134463500976562500e+01 -1.487324619293212891e+01 -1.380173116922378540e-01 1.999725723266601562e+01 2.440136909484863281e+00
5.943432617187500000e+01 -3.158111000061035156e+01 -4.110045623779296875e+01 -6.613956451416015625e+00 1.339349746704101562e+01 -1.427427101135253906e+01 6.121954917907714844e+00 2.574944877624511719e+01 -1.130746459960937500e+01 3.428903198242187500e+01
6.397456359863281250e+01 -2.891616249084472656e+01 2.909033393859863281e+01 8.505782127380371094e+00 -3.330641555786132812e+01 -2.081515693664550781e+01 -2.109552955627441406e+01 -1.376143646240234375e+01 1.039152717590332031e+01 1.919732284545898438e+01
3.132115745544433594e+01 1.290761947631835938e+01 -3.338062286376953125e+01 -1.552441024780273438e+01 -4.131887435913085938e+01 -6.790264606475830078e+00 1.563338756561279297e+01 4.022377014160156250e+01 -1.519912600517272949e+00 4.723488616943359375e+01
-3.495938301086425781e+00 -1.986767196655273438e+01 -3.653705215454101562e+01 -2.624948501586914062e+01 2.518723487854003906e+01 2.138001823425292969e+01 -3.793160200119018555e+00 3.189577674865722656e+01 3.268054485321044922e+00 2.338595199584960938e+01
-1.939175415039062500e+01 -2.161848831176757812e+01 1.355103492736816406e+01 -9.696752548217773438e+00 -3.584485626220703125e+01 4.211324691772460938e+00 -5.715940856933593750e+01 -3.693758392333984375e+01 3.572268295288085938e+01 4.025796890258789062e+00
1.044904994964599609e+01 -2.423352622985839844e+01 -3.071324348449707031e+01 -3.325030517578125000e+01 1.341546249389648438e+01 -1.503208351135253906e+01 -2.360316085815429688e+01 4.479317188262939453e+00 -1.771853828430175781e+01 -1.919013977050781250e+01
2.007908630371093750e+01 -3.780604600906372070e+00 -3.423683881759643555e+00 2.596931219100952148e+00 2.651263046264648438e+01 -5.001786708831787109e+00 -1.967953491210937500e+01 -1.639597702026367188e+01 -3.542780685424804688e+01 -3.505672073364257812e+01
-2.353416442871093750e+00 1.870457458496093750e+01 1.634575271606445312e+01 3.868674087524414062e+01 -5.517810058593750000e+01 1.932646179199218750e+01 1.394246673583984375e+01 2.181102561950683594e+01 9.618722915649414062e+00 3.926121139526367188e+01
-4.231859147548675537e-01 2.102627182006835938e+01 -5.695072174072265625e+00 3.185069847106933594e+01 -3.570620727539062500e+01 2.488555526733398438e+01 3.125843238830566406e+01 2.027923774719238281e+01 -7.017559528350830078e+00 3.555895614624023438e+01
3.045583534240722656e+01 -6.386307907104492188e+01 3.417797327041625977e+00 7.037153244018554688e+00 5.523535251617431641e+00 -1.312136840820312500e+01 -4.150719833374023438e+01 -4.977108383178710938e+01 2.720650100708007812e+01 3.528715896606445312e+01
-2.592454528808593750e+01 -5.749764251708984375e+01 4.114630222320556641e+00 1.559547901153564453e+01 3.220893859863281250e+00 1.678999066352844238e+00 -3.281965255737304688e+01 -2.131889533996582031e+01 -1.336089706420898438e+01 2.628267049789428711e+00
1.559467315673828125e+01 3.303606033325195312e+01 -1.942610263824462891e+00 1.043930130004882812e+02 5.287479019165039062e+01 -6.543388843536376953e+00 7.208345890045166016e+00 -6.394563293457031250e+01 -7.679203796386718750e+01 -9.030468750000000000e+01
6.029856491088867188e+01 -4.584037780761718750e+01 7.571820259094238281e+00 -2.973068714141845703e+00 -7.865833759307861328e+00 -3.331290054321289062e+01 -1.336028003692626953e+01 -1.356691932678222656e+01 -5.075374603271484375e+00 1.313603305816650391e+01
-3.993494033813476562e+01 -1.571706199645996094e+01 -4.099321746826171875e+01 -1.688675308227539062e+01 -7.862278223037719727e-01 1.913899803161621094e+01 -4.487120819091796875e+01 -1.563044261932373047e+01 2.318187522888183594e+01 2.690967941284179688e+01
-3.655680465698242188e+01 9.912167549133300781e+00 -3.140758514404296875e+00 6.011899948120117188e+00 -6.302965164184570312e+01 -2.369989585876464844e+01 -3.885594940185546875e+01 -4.415189361572265625e+01 -3.139836120605468750e+01 -4.234906768798828125e+01
9.666524887084960938e+00 -4.101276397705078125e+01 7.036852264404296875e+01 2.800951004028320312e+01 -5.896939754486083984e+00 -2.193692016601562500e+01 2.911465454101562500e+01 3.522834777832031250e+01 1.627082633972167969e+01 -2.499108695983886719e+01
-3.139743423461914062e+01 3.116227865219116211e+00 -5.158346176147460938e+00 4.543012619018554688e+00 -5.331336498260498047e+00 3.113620185852050781e+01 -3.059850931167602539e+00 2.450576210021972656e+01 2.673847007751464844e+01 2.171108436584472656e+01
4.783812046051025391e+00 -1.126830196380615234e+01 -4.391044998168945312e+01 -3.766069412231445312e+01 1.256601524353027344e+01 6.213434219360351562e+00 -9.413808822631835938e+00 3.392447662353515625e+01 1.900193405151367188e+01 3.375049209594726562e+01
1.376054573059082031e+01 4.164706802368164062e+01 -5.921604919433593750e+01 -4.263254165649414062e+01 -3.403562545776367188e+01 -4.369299888610839844e+00 1.134333705902099609e+01 1.476624584197998047e+01 -2.829935264587402344e+01 -4.212653636932373047e+00
-8.427583694458007812e+00 -5.399761199951171875e+00 -3.865526199340820312e+01 -1.672464942932128906e+01 -5.461882781982421875e+01 -6.853603839874267578e+00 -6.382181930541992188e+01 -5.861426544189453125e+01 -1.028351020812988281e+01 3.161745071411132812e+01
8.746942520141601562e+00 3.951794385910034180e+00 -5.627655982971191406e+00 3.111314392089843750e+01 -5.426480102539062500e+01 8.229625701904296875e+00 4.607813358306884766e+00 1.861880874633789062e+01 7.265365600585937500e+00 6.207667541503906250e+01
-9.281176567077636719e+00 -2.199077606201171875e+01 1.307033920288085938e+01 4.197602081298828125e+01 -3.732437133789062500e+01 3.942737579345703125e+01 -2.410803413391113281e+01 -4.251316070556640625e+01 3.521680355072021484e+00 5.554994964599609375e+01
