-1.347373607608548873e+01 1.863475164787438576e+00 -1.678991959714818183e+00 8.656770840422240099e+00 3.204833387205642925e+00 -3.753898981401583290e-01 1.250175449512338277e+00
5.198619392318724053e-01 1.221299946122579883e+01 5.309718559085101930e+00 5.234524374987588935e+00 9.833309223130230592e+00 3.964940777918009918e+00 1.036235117158129171e+01
-2.073299838372875126e+00 6.314495267068063189e-01 -2.357757624670442642e-01 -4.939863336372381508e-01 9.879794676739790671e-02 -5.130429127372745368e-01 5.588312637644172326e-02
1.392643065648078249e+01 -1.729311911113355360e-01 -1.828639702780982257e-01 -1.645051152792388616e-01 -8.201119128940663472e-02 -1.032905730163861113e-01 -1.088567908361818826e-01
-3.836880885200844205e+01 7.461288594093737903e-01 7.125070714252039750e-01 -8.875885286756543535e-02 1.649739280169630062e-01 -1.895051469200159378e-01 5.156778098619142492e-01
1.694203722153942993e+00 1.652378853437523609e-01 -9.647744574370581416e-02 -4.639941381501320183e-01 -1.114038112845645509e-02 -3.703701972216001947e-01 7.311270215515378035e-02
3.954332472171123714e-01 1.016328031530311149e+00 -6.474733757456366257e-02 -5.020141860615314755e-01 3.960560069672820066e-02 -6.770279301811465977e-01 6.016544862541514660e-02
-1.768157430761383431e-01 1.153689650510657572e+01 -1.962688535985975369e+00 -6.964920410237220416e+00 2.251957216466320588e+01 1.886594638447339989e+01 -1.078077604907529974e+01
9.053676699731928679e+00 3.218585887529599177e-01 -3.385111198583395931e-01 -4.405082522843874471e-01 4.168022754790623452e-02 -3.798072223023063465e-01 -2.220507119123730361e-02
1.100344380088329466e+01 -8.233247626128752106e-02 -8.745742749020760098e-02 -7.051529921938382017e-02 -9.859568751690514499e-02 -2.841599485308368700e-01 -4.726919763947650538e-02
-6.630888217956993458e+00 9.136482899162187366e+00 -5.454430995387068437e-01 6.772459397596690245e+00 2.778942771172608683e+00 3.363432812371604630e+00 -3.479154563870934691e+00
-2.562396600350226095e+00 1.517835522337880327e-01 3.566497629803453417e-01 -5.966658245623815970e-01 -1.167626433219987048e-01 -6.584389384994571159e-01 1.100771658250853657e-01
1.212625149677126046e+01 -1.240207588074901390e-02 -3.700280904250689562e-01 -2.772823945299870974e-01 -9.004536905770935129e-02 -1.590409914018669768e-01 -1.541247938044971733e-01
-1.174879224125824351e+01 -9.017260614812555586e-01 4.442980362379384651e+00 -1.406723475572623783e-01 3.859579851457354049e+00 -5.117444340473936926e+00 -1.357311317636222148e+00
8.872557414225463290e+00 3.852950382790823469e-01 -2.532159750486622785e-01 -4.094804523261680873e-01 1.273949653046289598e-01 -1.378408998016842912e-01 9.030534033550921547e-02
-3.505861314359965952e+00 1.091047449941308223e+01 4.199299479447079264e+00 -3.336055089867468570e+00 -1.043701723986487906e+01 -4.149959174381403493e+00 4.301207050021426670e-01
1.127442074947169814e+01 7.100236412042527923e-02 -2.583871872151743965e-01 -2.845997500364778054e-01 -7.992742348589318424e-02 -1.720301163631250130e-01 -1.354973980580735649e-01
3.296051655672825209e+00 4.895500749444942623e-01 9.475595168339398522e-02 5.631064972876875796e-02 -8.523098234489938363e-02 1.777318981800262432e-01 -2.216536668279880593e-02
-1.008073611510014800e+01 -7.901654587285921849e+00 6.744138177367545062e+00 -5.949014661184880426e-01 -8.508190787428800306e+00 4.694665525756089863e+00 -2.281757402980642835e-01
-4.885817205125353446e+00 -1.346918699961045240e-01 -8.207190957603241466e-02 -4.759745286633548789e-02 -2.972887109693098107e-01 1.414195621009963211e-01 -8.996651261553620382e-02
-1.155921925934768701e+01 2.667497742895184043e+00 -2.093483772854234926e-01 3.786845653543467360e+00 2.693031579791362429e+00 -8.216833535780549980e-01 2.072872289345601970e+00
-1.035044981551957655e+01 9.093371550265548109e+00 9.889933137860537071e-01 1.150742159273131948e+00 -4.841967568592610016e-01 -8.135543113760188572e-01 6.939109666791382081e-01
-5.155913973270624950e+00 -2.998173196339851687e-01 -1.965173523513057408e-01 -1.171154639113309998e-01 -2.299955908779284797e-01 8.842933196710021926e-02 2.455369259419558081e-01
-1.053435982188398157e+01 -3.235432330611626162e-01 -1.295016637300125772e+01 -1.608213678454259110e+01 -1.348942670654496911e+00 -1.510474337192126537e+00 1.096026882432015448e+01
1.048152400166821252e+01 -2.473055272639814589e-02 -2.783123633796474872e-01 -2.300075742352707397e-01 -8.766617621189189136e-02 -1.144209128285875315e-01 -1.192958340706599257e-01
-7.346333821279069198e+00 1.053694703597795446e+01 8.327823089718284777e+00 -2.381824017206068955e-02 -9.614019215284970166e-01 -6.524216247501610777e-01 -1.194137241329704224e+01
-1.844340469826697060e+01 -5.354834840469028912e+00 -6.682338804081886963e+00 -1.573559810175235274e+00 -2.391000986628423419e+00 2.506609710011547865e+00 -4.509543929160408360e-01
-4.509504364042196123e+00 -9.436810675505666879e+00 1.343941208737214055e+01 2.493823116383724781e+00 -9.488293698413091448e+00 1.576630101599473655e+01 -9.294476269576909644e+00
-7.805394240972471032e+00 -8.604950008957706897e-01 2.589881426351242411e+00 1.312069286503914523e+00 1.523623569774527620e-01 -9.281652513575643582e+00 2.785173389059199422e+00
-1.351051752838514020e+01 -5.182873954332086086e+00 4.324754532017600184e+00 -3.606363302449500985e+00 3.767648827160660741e+00 -2.047144197052173542e+00 2.773233602075137583e+00
-1.104997107015441848e+01 -6.902443300640832113e+00 1.940715360469353890e+00 -2.123404254195603968e+00 -7.695870166779966937e+00 9.348803001790598088e+00 -1.474701030887856756e+00
3.678735805915454016e+00 4.570795224895776165e-01 -1.146314114178924592e-01 -5.328851906408264005e-01 8.987545281464217814e-03 -5.695067861026024136e-01 -1.684070537899548248e-01
-3.935375391566743275e+01 1.346189099922796117e+00 6.095903469826277066e-01 1.039023459237157498e-01 -3.247538867692800757e-04 -1.498607151693061579e-01 2.658314155674663115e-01
-1.135782429788906533e+01 -5.171655270494142087e+00 -2.379928509823445282e+00 1.007896515865173726e+01 -5.570741307601124070e+00 5.446942784169698903e+00 7.660557176169621840e+00
9.548991928771005888e+00 1.234779678246488294e-01 -2.529017782099895473e-01 -1.792683263350821343e-01 -3.794475874184199959e-02 -2.023574182881626160e-01 -7.845051646410652890e-02
-4.432319649057918198e+00 -7.661595036393659131e-01 1.500030639140787159e+00 -9.146051065585218964e+00 -2.775533952183760533e+00 -3.657745938215167580e+00 -1.285527272662789544e+00
-8.436691617315265290e+00 1.730868960414944313e+00 -3.595759756574549382e+00 -8.192957216215329908e+00 9.557174627022353874e+00 4.011468701193073194e+00 1.043240614837024349e+00
-1.741872342472166935e+01 -3.335876715761024736e-01 3.783571397708618278e-01 -2.559565138068461421e-01 -6.907572075936403433e-01 -1.240866449666215843e-01 -6.948020521977404940e-02
-8.529621343498250852e+00 -1.362088145651941140e+01 7.011582520224405535e+00 -1.174020275611001640e+00 5.301138829270572034e-02 1.668101659458446573e+00 2.400502160555863629e+00
7.193306003240240720e+00 1.217419347101071914e-01 -2.536684134431753668e-01 -3.224387393192406637e-01 -2.020975073015549711e-02 -1.828114899926306935e-01 -1.259947304155944747e-01
8.172828949691750111e+00 2.286433457090091548e-01 -1.676760975017942967e-01 -2.976341297795777052e-01 8.398115783770307430e-02 -9.492647651804497766e-02 8.513021348337965200e-02
8.712145439725603069e+00 1.511368580379537918e-01 -2.743005219748568813e-01 -2.535867020608275069e-01 -2.554176879278492393e-02 -2.739639802548813896e-01 -3.217628312531745777e-02
3.344067368856894262e+00 4.054220124160810568e-01 -1.967012566067366242e-01 -2.806774161151375235e-01 8.688924710137006791e-02 -7.589505033593924033e-02 6.269073163100931378e-02
1.104057856589049358e+01 1.528124228579375889e-02 -2.304613496728727395e-01 -2.712160742162523785e-01 -8.483719302026476727e-02 -3.006812624521729704e-01 -9.361282150776506494e-02
1.308760657443185060e+01 -1.693086748221861726e-01 -3.199636901911254716e-01 -1.124582211208535049e-01 -1.205047164544280902e-01 -6.783180378089198603e-02 -7.699240913778908346e-02
6.956701202091047698e+00 -3.634586644022649304e-01 -1.541780009202718404e-01 -3.065537194394309384e-01 -2.898071378281806831e-01 -1.658746646551031712e-01 7.463130221356675809e-02
-1.232262608687409333e+01 -1.433878566140106159e+01 1.357533628993628394e+00 1.132715625983980123e+00 -2.240741847910243223e+00 5.967608490587799075e+00 -1.998092343215314592e+00
1.723042897163702492e+01 -5.865230283571772896e-01 -4.603711323313918191e-01 -1.976203308734183484e-01 -2.606858222235017286e-02 -2.552327541816750214e-02 3.033093575449918866e-02
-1.006230728508716332e+01 -4.264758624443651946e+00 -1.102584509912872157e+01 1.663377588660603479e+01 6.301520536921127125e+00 -9.302428299633481501e+00 -6.957130229438267754e+00
2.505437766521304788e+00 -1.540488214688936694e-02 -1.377325833442138436e-01 -2.796953690517464675e-01 -1.830305496661919495e-01 -1.138901043351126519e-01 -6.186805924169446608e-02
-5.094976256430530981e+00 2.433020861103788457e-01 2.596498007337710856e-01 -3.557288604960989753e-01 -2.684105922803802224e-01 -9.580140174066757996e-01 -3.190095265554752091e-01
-3.483641470763276793e+00 9.289554795242898066e-01 -4.281016842217325730e-02 -4.077109840714354672e-01 3.287156796850145279e-01 -2.156788337504892406e-01 3.389523762002777940e-01
-5.500037953039510263e+00 7.080985445192436778e+00 -4.353894238347307599e+00 -1.478629522422072018e+00 1.009220789476643354e+01 4.989710593068189759e+00 1.819735482857207431e+00
-1.514809288274574683e+01 7.336932526634099005e+00 -7.199406311764727784e-01 -7.517851923013618709e-01 1.253447311320966762e+01 5.539492053139638550e+00 4.512887817410014435e+00
-3.209664619740444635e+01 1.123281415222322277e+00 7.070541034139071757e-01 3.654457547789717875e-01 2.611162660624852250e-01 -6.902323447322011862e-01 1.765956212252587643e-01
-2.686980241561696658e+01 -1.726134957296019179e+00 2.058360006097961770e-01 1.020730683783946047e+00 -7.973369936643377454e-01 1.388322707741405759e+00 1.528767168220221406e-02
1.049897349893583076e+01 7.676088176434865684e-02 -2.753810618574615843e-01 -2.060784667482530308e-01 -4.616549247827035629e-02 -1.837778243825226032e-01 -1.095822103209987269e-01
-1.530706055596181514e+01 -2.580181753857914817e+00 -9.170635489598641499e+00 -9.056649965934603586e+00 -7.931116896768173330e-01 -3.411765593133205154e+00 -4.397499730679387930e+00
-1.660167956245091503e+01 1.864999121343554611e+00 -4.134446557315146542e+00 6.428511777167502217e+00 -5.724439269172734157e+00 5.527478600012848631e+00 -3.000483794059697895e-01
-1.223750997956340925e+01 -2.397794182170283950e+00 -3.556553461678601202e+00 -2.937348034958261245e+00 -2.283385214246429928e+00 -4.598301783010650290e+00 -5.402072569034143790e+00
1.044004119407042452e+01 1.089996089939977847e-01 -2.202073202221427606e-01 -2.600501264892978726e-01 -6.810087450144050591e-02 -2.856138712950866965e-01 -1.052323267881603852e-01
1.080012164079117021e+01 1.229730299793949447e-02 -1.973252933038029955e-01 -2.643520971810015552e-01 -5.376728156947958165e-02 -1.517147183997994697e-01 -6.261766314360965591e-02
-1.227491750330008990e+01 -5.985843196976994740e+00 6.244716938920276128e+00 -6.098871586880209028e-01 -1.100245370668576639e+00 -7.276878324253663877e-01 -1.394852751012293446e+00
-1.208014734813130886e+01 -3.360564384362425994e+00 -5.498595475468309957e+00 6.731058716787685192e+00 -3.167996280958203403e+00 5.330249435349204035e+00 6.928459089493317791e+00
-1.560477879835063586e+00 3.958593096161843183e-01 5.849579078929120768e-02 -2.370425208306360942e-01 4.565816527337254911e-03 -3.397810792286526937e-01 4.850335764710346498e-02
1.200861762255208554e+01 -1.284435693291935687e-01 -9.648544384338755830e-02 -1.291986962028167651e-01 -1.507839713387603142e-01 -2.979339486397757919e-01 -1.350394782322233700e-01
-8.977756029829082607e+00 -1.176392432549444145e+01 3.894506896660680173e+00 -1.044927987905981404e+00 -3.136007759136806072e+00 -7.876397520735597402e-01 -6.392218959666408296e+00
6.897040407973610954e+00 -4.202852353281893300e-02 1.353165251792871615e-01 -6.003113717745016398e-02 -1.938997257005439789e-01 -2.047771128479099756e-01 2.386564526142706186e-02
3.322984489680351761e+00 1.180936033823253573e-01 -1.494567405584846520e-01 -3.496763292355103414e-01 -8.025301046805258243e-02 -1.808801179608604259e-01 -7.539087637078135951e-02
-1.118954062619965484e+01 2.518198571219078641e+00 -5.034015448542634275e+00 -5.641641006191756347e+00 6.424393794072418729e+00 2.391851699316400293e+00 7.781201524598588826e+00
-1.141643129492004505e+01 -9.650225157410948995e+00 5.800808208593328352e+00 6.078526399775496358e+00 4.532737328786171638e+00 -8.173998296247716455e-01 6.884705331325940314e+00
-2.739458343209443925e+01 -4.122206799939791000e-01 4.675109492437388159e-01 2.009591725484389246e-01 -6.646278395275201367e-01 4.435111988084604051e-01 6.244528465865531452e-02
7.469419859407101292e+00 -2.241635946134324653e-01 -1.339328763905418274e-01 -1.807437307548487027e-01 -1.254683669689050096e-01 -1.329022766564753877e-01 6.377349352214153888e-02
-3.061335877931415794e+01 8.742118525956910080e-02 3.305865435632262539e-01 -4.170048453945209843e-01 -8.845469549358314643e-02 -7.359200012719039341e-01 6.066945209557450536e-01
-1.275877125072426210e+01 1.261715645748934911e+01 1.797369500010506549e+00 2.201820065156667727e+00 7.066616939746765524e+00 2.452930738397102406e+00 4.088070015533427082e+00
9.734822992128956187e+00 -5.503307646940455017e-02 -2.770638443936508932e-01 -3.078716442619028326e-01 8.100516971770509167e-02 4.336750185102900695e-02 -2.504111116480482735e-02
1.109346643912122410e+01 7.122100189112327839e-02 -2.801597240376831333e-01 -2.091074362477947091e-01 -3.913926906591826821e-02 -3.273642149391623457e-01 -8.459515780495657777e-02
-1.449752497127489015e+01 -5.093066476829067879e-01 -3.190599937349460902e+00 2.956073861473319742e+00 -2.773514919513716759e+00 3.162867616286698436e+00 -1.215031855083628320e+00
-1.500746496539539621e+01 -2.225673894438005007e-01 1.942706756249888977e+00 1.029635272391133949e+00 6.444674675230442240e+00 -4.342058641913997263e+00 -3.650129032176710808e+00
9.051247179670994569e+00 -1.131259402904364331e-01 -2.500671480287586235e-01 -7.442957632799175605e-02 -1.502203259565630389e-01 3.341795488213334525e-02 1.012062362593815767e-02
-1.308320684817361901e+01 4.067911065990671204e+00 6.603170823773847342e-01 2.231110373401237190e+00 1.229836911085174567e+00 1.773357477771430935e+00 -2.827980758219623691e+00
2.469738486797985910e+00 2.821243008648566253e-01 3.679147003968247231e-02 -6.905153243907249383e-01 4.113465457713721962e-02 -6.494703389428623241e-01 2.397534659335284479e-01
1.584704552842962499e+01 -1.979295996092901022e-01 -3.154984484834599812e-01 -3.806617792463419525e-02 -6.059994295070297854e-02 3.635326486859012662e-03 -1.443998051969769270e-02
1.218651935414412613e+01 -1.098134643476622596e-01 -1.282204821560464225e-01 -1.680317379005369371e-01 -5.697755445084900366e-02 -1.214738947733438601e-01 -5.000476957468379113e-02
-1.000836054729254876e+01 -2.015117598036348490e+00 -2.414640108350118108e+00 -7.383511353949444356e+00 -2.820193544909003869e+00 -4.988489034536022437e+00 -3.045532421601485407e+00
1.095923937633587997e+01 4.279492901073460309e-02 -2.797032970114514683e-01 -2.577067439742544153e-01 -1.022647274464327238e-01 -1.586751119385811370e-01 -1.928150774917078980e-01
-8.046250506779971445e+00 5.106943059631950277e+00 -3.577391805524473778e+00 2.707481109507702932e+00 2.677155984504696384e+00 -6.895565549745361622e+00 -4.808064813624664424e+00
4.287311370613045014e+00 1.371001434132814545e+01 4.075537028936617290e+00 1.048745055951279248e+01 -6.396410313873062137e+00 -1.356221096334770948e+00 -1.171561551457125372e-01
-9.040338386017333860e+00 1.075572427182860835e+00 -2.275145065105876441e+00 5.569111149129302163e+00 -4.150962525559912741e+00 3.581457445622111546e+00 1.166026172982882247e+00
-2.196382285692256531e+01 -2.323126293775203965e-01 2.760079112386618627e-01 4.065496523638548187e-02 -4.145089691734195059e-01 1.429379711866134439e-01 1.330101816864802944e-01
1.678015768392992513e+01 -3.027576868728983905e-01 -4.142645979825163582e-01 -1.091068650713961086e-01 -1.152691275323523556e-01 -6.460470176604747594e-02 -1.488541473084776523e-01
-2.319526348692237949e+00 9.443113230475713493e+00 -3.088437191661232095e+00 1.540461325968392181e+01 -6.092999062737245453e+00 3.661963137761434339e+00 3.059251510378032002e+00
-1.858601036552963848e+01 -5.456825038618427826e+00 4.843456622821957325e+00 -3.318790033479938728e+00 2.574063182258167437e+00 -2.737840875877335822e+00 1.590204722930372627e+00
-5.291359375609099303e+00 1.133641251818301043e+01 3.494113334814771932e+00 -6.886337467847965854e+00 -3.451607504681724059e+00 -2.451497533799629647e+00 -2.354803089703434438e+00
-1.051200836306421138e+01 8.571210460894965744e-01 6.281443664708236119e-02 -6.093882149957678962e-01 2.865932464045304884e-01 -4.934381060090918258e-01 1.012347873088237649e-01
-1.530881177687867023e+01 1.747596868875284537e+00 -4.149597359788002926e+00 -5.239714056553307353e-01 -7.108204259563204452e+00 1.554066062513514312e+00 -1.366993793047521777e+00
-1.541507632312506892e+01 -8.627084941221839998e+00 4.655040281184548157e+00 7.781841932683172813e-02 8.001383478882109213e-01 -1.452092100657311313e+00 5.997284803800284614e-01
4.204665684732902697e+00 3.789352358535876819e-01 -3.299359185400584926e-01 -3.434988069300874969e-01 1.264267782522346673e-01 -1.205115213769210325e-01 6.250171009907094788e-02
-5.203691548721838700e+00 9.373583053046038671e+00 5.145088146126329143e+00 -6.673606072145711110e+00 -8.831389449327071262e+00 -6.263296244751497266e-01 1.440755902042694325e+00
2.672414550606117345e+01 -1.854937087439444410e+00 -7.329973144333051804e-01 2.613855556118988011e-02 -1.665788869317788856e-01 3.108077432921713124e-01 1.847563743591137675e-01
-1.624456099280176957e+01 -4.331421476062303100e+00 -1.983251505319302721e+00 2.817724702280493432e+00 1.452404565242608303e+00 -1.499698296425165278e+00 2.523631535783451785e+00
-9.670918819144057821e+00 -2.591114057287050798e+00 4.703716837429802844e+00 6.620072747780897160e+00 2.120540760171443218e+00 9.952968435372548939e-01 -1.166391483051710809e+00
1.729334320468454678e+01 -7.863503396610735940e-01 -7.541031753952501804e-01 2.151566601487769903e-03 3.741535645293433271e-02 -9.723221815282959146e-02 1.350819982735545488e-01
-1.306076582617013138e+01 -3.646648690087412437e+00 -1.005324120395111542e+01 -1.075803517145284260e+01 5.776969722196088064e+00 -6.308188631630439858e+00 2.505559120396036565e+00
-1.646494675739536717e+01 -2.762712241546487757e+00 -3.940862697673964465e+00 4.913706798956633648e+00 -1.280423154694493970e+00 -4.035410542924953714e-01 2.460895786257284001e+00
1.752940234075687442e+01 -5.470847147615864881e-01 -3.517427383400388852e-01 -9.407683053095913794e-02 -9.625692709348906972e-02 2.674398231871987636e-02 9.356995092334258191e-03
-1.669919700166667909e+01 9.628730461849839273e-01 9.299820466931852936e-01 -3.364657593571909744e-01 4.160307910752669702e-02 -5.296083899792055627e-01 2.109931457998213689e-01
-5.683591864061019017e+00 2.359652397992462181e-03 -1.687703404242926197e+01 1.763154465317746045e+01 -2.661467443321577697e+00 -8.208874416794577300e+00 4.728209159579036758e+00
-7.727543760217734814e+00 2.442470874408724235e+00 4.915871699249946047e+00 -3.227455081785755908e+00 -3.668453421784781732e+00 -3.332505437808947590e+00 -4.817821496345589871e+00
-1.527705605391202681e+01 -1.027279959235967599e+00 -7.433645389915421120e+00 -9.758694516268965558e+00 1.624169380968891296e+00 -7.284947010985784455e-02 2.516106011786165553e+00
-1.778888029484372169e+01 1.012773297416207141e+00 4.532466633525718547e-01 -6.222953082994889806e-01 -3.001453081806176176e-02 -7.743511000701742697e-01 1.850076596248313165e-01
2.800033525268452550e+01 -1.386717140063873588e+00 -8.283415950511749948e-01 -4.278824037913135925e-01 4.666686471030773165e-02 -1.569722429263827879e-01 2.196982875848046968e-01
-1.191872280617227631e+01 3.810662521707613770e+00 -1.073361675685756111e+01 5.045162699184876587e+00 -9.658175286661121461e+00 1.413166736768852516e+00 -2.847210117255710049e+00
-9.111728464583610076e+00 1.261808262225701327e+01 2.189714774368491046e+00 -4.042835346007838560e+00 -1.803687472212232024e+00 -4.274832578861303967e-01 -3.796092307612316530e-01
-7.546074947008182043e+00 3.969554900205616299e+00 -5.691442852169989131e+00 4.887006934724512419e+00 1.466515241138575565e+00 -1.065442166530997214e+00 6.925448220573288127e-01
-1.834345936180394432e+01 -3.753279163822489828e+00 1.709470278442248026e-01 8.403465199604923663e-01 -2.663933730454572490e+00 2.838819734310105591e+00 -3.314725099396403252e+00
-1.156172903235033189e+01 6.975598480623748099e-01 3.882667949598311297e-01 -2.691018862947940904e-01 3.879358862780060702e-02 -5.913294038415120024e-01 -1.300984932773709968e-01
-1.713939095321548933e+01 -1.450222519524910769e+00 -7.640523144339548267e+00 -4.953867207029418296e+00 -5.336604346804921128e+00 -1.180777034544497894e+00 -4.393858119617078728e+00
2.420934151780831378e+00 -4.655331237213970463e-01 -1.293133329847643564e-01 -8.720182395081686744e-02 -4.262382390319863767e-01 -2.284802681916923289e-02 7.169407228233426119e-03
-1.050325357002283155e+01 -3.312562485688293368e+00 -3.441346711337396336e+00 -2.877877380172972455e+00 1.244916586746502185e+00 1.040204383183578996e+00 3.486851591935367978e+00
1.452264214815517462e+01 -2.465910013178259363e-01 -1.876114396082070868e-01 -7.317551583524323222e-02 -1.367926159559054722e-01 -8.535705188158003442e-02 -7.868079484587844896e-02
8.684469183048065588e+00 1.073636843029274757e-01 -1.139383502372019186e-01 -2.320390682485744260e-01 -9.007540264116306594e-03 -2.534919362888008454e-01 -1.823871087313941319e-02
-1.121014286179559249e+01 3.067432612736622044e+00 -3.974839283605345219e+00 -5.062674984272235612e+00 4.441687795743854750e+00 2.113656744441732016e+00 1.438868820235075896e+00
-1.773446072714504496e+01 -5.044752818629384628e+00 -8.588292791456243691e+00 7.774237076101576660e-01 1.074654088223862880e+00 2.242880234673839013e+00 4.331775101950480433e+00
-2.539099094591737771e+00 -1.653028011304281009e+01 -6.081964536368013041e-01 -8.572200753903207016e+00 8.705298709468541674e+00 1.311985969190596357e+01 6.168472854976020159e+00
8.083606254065129448e+00 5.819908139499587602e-03 -1.981182554387629358e-01 -2.243717677295955781e-01 -7.372755612624166954e-02 -1.565140016092978203e-01 -9.960399700443539617e-02
1.292715834914621809e+01 -1.616537217866284293e-01 -2.993920902641854509e-01 -1.846251753198078216e-01 -8.788461897223995289e-02 -1.253898813095220000e-01 -3.148535135591799816e-02
5.558373038601343019e+00 -3.005917749397012395e-01 -1.642482542157215897e-01 1.346273677848145445e-01 -5.379368568198723138e-02 2.000970563275888403e-01 -1.574660139086776767e-01
-1.286007514653003270e+01 3.108348839102088146e+00 -6.364491250031094616e+00 5.888635719616376107e+00 -1.442170867683962410e+00 -6.634712028537944617e-01 4.856403552086673514e+00
7.038874088907069115e+00 2.503477808723155729e-01 -3.404564408921029739e-01 -3.364499414187667736e-01 1.665336118226340700e-01 -1.525845345108718665e-01 5.340386377967971943e-02
-1.583806733007352141e-01 1.012033144613788682e-01 -1.202063935156254953e-01 -1.506156414619602424e-01 -1.007863289689316239e-01 -2.213037454336426735e-01 1.180136223326504752e-01
-2.007677628399516578e+00 -1.108893138749601270e+01 1.242959534563259183e+01 8.563807929055091250e+00 1.634273441680544892e+01 -1.185988751735442115e+01 -1.426556146312928242e+01
2.590212979891021394e+00 4.259064597524618301e-01 -3.437590916815314035e-01 1.399922096884409842e-03 8.508967506582901241e-02 1.543942583931184331e-01 -9.499407687387759203e-02
-9.695834081516334635e+00 2.011675187250909769e+00 -3.531286355836272151e+00 -4.897921443811520170e+00 3.346940785854076950e+00 -2.950253176572166236e+00 1.311573881193255353e+00
-1.606714491898557995e+01 -2.858685797963238073e+00 1.356606330036566499e+00 -5.277357327332406811e+00 8.969482990127297661e-01 -7.843955942319290386e+00 -1.923360629635632701e+00
9.732192109486256015e+00 6.948042714075076953e-02 -2.518337058204198620e-01 -1.822978846931231911e-01 -7.341933569369203660e-02 -2.442241081810072600e-01 -6.532544151927244247e-02
1.488990379743007963e+00 7.666105254936177449e-01 1.831059881217361740e-01 -7.395992702322649048e-01 5.823477979557944995e-02 -9.815769745308762229e-01 -1.868356126897163100e-02
1.299941021652716167e+01 -1.309669246406533483e-01 -3.888861774121525339e-01 -3.191741270521005758e-01 -2.594704185966105470e-02 -1.346921887712693167e-01 -8.826016993954223511e-02
1.101651363678572970e+01 6.705468290693382405e-02 -2.635125584580825242e-01 -2.292519189298893867e-01 -1.231467915798068052e-01 -2.019409786165016762e-01 -2.149335077338009881e-01
-4.009304002565744263e+00 8.762293240973267672e+00 -1.007920232365426827e+00 -8.081089707089271101e+00 -6.637496465252420208e+00 2.872891523624770294e+00 5.063543304994057692e+00
-1.266784149600974629e+00 2.079000689838527194e+01 6.916100143084380925e+00 1.401216211100682507e+00 -7.166437558566355337e-01 5.802864098482419131e+00 5.712305740752287031e-01
-1.821389912720803972e+00 1.586642722536340067e+01 1.056207437171924468e+01 -5.397860120446673626e+00 -3.599668056559422347e+00 2.213508895907345675e+00 -3.481571457783005225e-02
-4.123838262985214165e+00 1.011140203797419979e+01 3.238602585323773209e+00 -3.076320471595689110e+00 -4.041932124303157181e+00 -1.483285029679268785e+00 1.303242185756249283e-01
-1.383871658424026663e+01 -6.970478971375594135e+00 -2.873687343904446356e-01 3.097132334415467536e+00 -8.009026694414954628e-01 7.184774060566048171e+00 -9.537206484458911504e+00
7.046687885776259819e+00 9.934789008979236224e-02 -2.167327349335237685e-01 -3.604468796060300573e-01 -7.709806309530375934e-02 -2.569068767168380396e-01 -1.312194649412453118e-01
8.026202946785350179e+00 1.768044944752608094e-01 -1.542851801850724236e-01 -2.420583902472573934e-01 -4.325606522266621512e-03 -1.480288902480893232e-02 6.993565388859766807e-02
7.662968764849171777e+00 -1.717494237250949685e-01 -2.440174871686933422e-01 -1.622400710052689654e-01 -1.619449524457079459e-01 -6.131753392514022183e-02 -1.179706541482584553e-01
-6.496022738491969761e+00 1.000789324067873132e+00 3.562262638978568319e-01 -3.998715376261366972e-01 2.322241584442230888e-01 -7.944320673027218671e-01 2.667577585489859793e-01
4.536345207082223219e+00 4.699918941604305234e-01 8.496967784759251741e-02 -4.780192463318188589e-01 -1.494190849771004082e-01 -9.201225902984518923e-01 -2.752605416767875957e-01
6.290841846403048443e+00 -8.710932044360633952e+00 2.924594909211017679e+01 -1.801292429864493894e-01 2.524601202847061909e+00 -1.014259214398710540e+01 1.472348759409846508e+01
9.103140008808743744e+00 1.505547329646185206e-01 -3.003972812849051155e-01 -3.018792364689913965e-01 -2.190587419079378234e-02 -1.596815916026854687e-01 -1.523340906795244143e-01
-1.239801127465442399e+01 -5.591961503417880230e+00 -2.901581247447737155e+00 4.791946585034825290e+00 -4.799706958295620329e-01 -9.738729471406213367e-01 8.478137574417102584e+00
-1.592937520602268453e+00 1.281081996056149563e+01 4.238016273077641394e+00 -5.799119093928471358e+00 -1.236272145198376249e+00 -3.966487579647033801e+00 -5.459216859080527895e-01
1.341038862149619781e+01 -3.884103028169572647e-01 -2.826834982110181249e-01 -1.415774596245779615e-01 -1.047013510598900216e-01 -1.610091417167431038e-01 -4.224900093328494421e-02
-7.386335738686367058e+00 -1.221172203203443019e+01 4.388976838508858336e+00 -7.430962669649371355e-01 -2.932972831579399475e+00 1.853827383978364329e+00 9.949107723058112640e+00
1.087620835973233824e+01 2.639054383312992164e-02 -5.964630643665495141e-02 -3.026083330727911691e-01 -1.589308244464797404e-01 -5.510216244236034733e-01 -1.697683071548325429e-01
1.285002249208443814e+01 -1.929507402211164957e-01 -3.615304133718529322e-01 -8.803955131988366878e-02 -1.129537502000574067e-01 -4.804070870313197072e-02 -7.296042526181287236e-02
7.765789789346956518e+00 2.356039607437688810e-01 2.493962372943977698e-02 -4.169348317240540447e-01 -1.051112980762957116e-01 -7.692048233070644114e-01 -3.210278850264021155e-01
-1.366877408849936693e+01 -9.550477003085117156e-03 1.855006172070891302e-01 -2.269587096117071101e-01 -2.178813801091455948e-01 -9.373965916996958303e-02 3.492803778137286708e-01
-5.124451259760630251e+01 1.178776538220427827e+00 1.065316724261752723e+00 2.545795199560230149e-02 -7.667720361204397039e-02 -1.606195248726235980e-01 2.762603396033966319e-01
-1.588761339246958215e+01 3.173558784524722620e-01 -7.472564911692609613e+00 -7.031652310896459923e+00 -7.187135118722816962e+00 -3.641185122286201725e+00 -7.190959085489165403e+00
1.529683848464890517e+01 -2.358906033576278205e-01 -1.832538914217076709e-01 -6.105579183098009538e-02 -1.233723662506473195e-01 -6.168932672986333909e-02 -9.420948191760138146e-02
-1.365556570609403941e+01 -3.841389353249402561e+00 2.029811727051341830e+00 7.008697099866764701e-02 3.995555076071652501e+00 -2.773933302038019466e+00 -3.564814330172596968e+00
-2.068754441474737504e+01 -4.137220023710092565e-01 2.469948860192030526e-01 4.780047007586837315e-01 -3.511678858901776668e-01 9.245087754844685257e-01 5.761080454894360048e-02
-4.633117348069368813e-01 -1.486492095611796106e-03 7.723703948666167662e-02 -4.098075583271221234e-01 -3.550408951189248929e-02 -1.739159826364594930e-01 3.513050376559739840e-01
7.796816879292040703e+00 2.520431617635038313e-01 3.018045633060842392e-02 -5.594937969795341637e-01 4.672892805333683092e-02 -6.131547372683129327e-01 1.150583547815272750e-01
1.596411675895860327e+01 -4.248019109334936205e-01 -1.859240792600194148e-01 -1.584720453318128053e-01 -1.135663552966209300e-01 -1.923835629119267088e-01 -1.117896836188222165e-01
-6.610728594239492217e+00 9.249296191964885283e-01 2.707776855569364316e-01 -6.739035013522052253e-01 2.680845703019174020e-01 -1.321857539689192729e+00 3.908788737974294714e-01
-8.071064254548069528e+00 3.225827019860610712e+00 1.941400132020242086e+00 1.378026572105378555e+01 9.408672704973477963e+00 1.996052376999336797e+00 6.105899713837501963e+00
-1.876486977708137260e+01 -1.295504445427163864e-01 3.087569910201084511e+00 -2.188141033108462974e+00 1.655465614156739873e+00 -4.800067249790807011e+00 -3.277863997398643425e-01
-1.414076411612499129e+01 -1.962989984947463462e+00 5.550762318490564340e+00 3.401295270991585795e+00 5.567949866185555319e-01 -2.533336932283518361e-02 -6.165287241359259651e-01
-1.241667474867378473e+01 -7.356433420290102276e+00 3.510279169366795848e+00 9.931581589936283594e-02 -6.634839225482972447e-01 4.039685895258384285e+00 -2.779940262474421830e-01
5.693427549303344826e+00 2.611701886624287483e-01 -3.678990862835123526e-02 -2.903473836180092693e-01 8.219043068095767401e-03 -4.976396829432964131e-01 1.024669643591746698e-01
-4.473215737363695627e-02 3.334861512828484198e-01 -2.845539954291041382e-02 -3.587396628014857258e-01 3.770631418087493081e-02 -2.621814306976648634e-01 1.189252843797768688e-01
4.919113547457337532e+00 4.230035869646594504e-01 -1.851956949876434055e-01 -1.789729639070511136e-01 4.546452313527944711e-02 5.590474018166836229e-02 -9.077429694996053122e-02
-1.092852773934266786e+01 9.013037976415319008e+00 -8.181708595151874208e-01 5.705623527563868924e-02 2.540519129031936441e+00 -5.996519090651355466e-01 -3.713865073340082201e+00
8.787573812566018105e+00 -9.482791088388076162e-02 -1.585255490314408655e-01 -9.469232345818430485e-03 -5.783568277832808191e-03 2.126377263486974867e-01 -7.039100233998085709e-02
-2.340742575861375907e-01 5.593790459792125080e-01 -3.337384377471377950e-01 -5.639723021644037493e-01 4.811921135638125985e-02 -4.443211617395300128e-01 4.806139297437372199e-02
-1.138718990895948124e+01 -7.770764423444031621e+00 -1.811824641690048532e+00 1.036756565360245297e+00 7.500640566757009742e-01 5.841124277693425348e+00 -9.159136629752511638e+00
5.635011213739375080e+00 1.455588364301875259e+01 1.273569252506093541e+01 6.841526172235454339e+00 -2.283926224538652683e+00 -2.010409408597439995e-01 4.279909526439260037e-01
1.442939105364147778e+01 -2.163125348956869420e-01 -3.402123223950114239e-01 -1.202968333924932520e-01 -1.210441050166442267e-01 -2.994642532181219022e-02 -1.157857661486609430e-01
1.613938240379021494e+01 -4.328412848668197199e-01 -2.908172092354718297e-01 -1.082645196954633293e-01 -1.134199315277922282e-01 -8.270331342426542887e-02 -4.817620838756477009e-02
-1.121394808620552297e+01 -8.331337224458946977e+00 4.916393231525774121e-01 3.611934493857025252e+00 -4.431320446385957901e+00 6.943246853177543088e+00 -2.206520672390902771e+00
1.314497640438617232e+01 -1.267376361454618239e-01 -2.125555299590106140e-01 -9.757971900861693582e-02 -1.356159736492144330e-01 -2.333899560457595168e-01 -5.295172604326264798e-02
7.672979406281243087e+00 5.534847045211531424e-02 -2.671260846871991168e-01 -1.632724114690069506e-01 -2.400813588179765909e-02 -1.400352456057961936e-01 -1.924635487959847763e-02
6.703486418939482050e+00 -3.282802650514647647e-02 -3.131605247389974145e-01 -2.243342892239959530e-01 1.736054818471033934e-01 9.567924510158848372e-02 -6.156238876243350783e-02
-8.930718726775214833e+00 2.620700641065357717e-01 -5.426836003024804872e-02 -9.387704724901829723e-02 -2.874326049491356949e-01 -5.040887884436946742e-02 -5.087603670807753359e-02
-1.192072158081755262e+01 1.634459989493823207e+00 3.972717245108208228e-01 -8.178881538362541281e-01 1.584551875191420600e-01 -1.416388659680915652e+00 -3.190931165485024756e-01
-1.464990510837906612e+01 -3.847046997456441630e+00 3.886523133255131324e+00 -8.203489437184318334e+00 4.898289800836355679e-01 -7.371201582669356434e+00 2.703962464847812774e-01
-5.989183973930652272e+00 -2.075565873334191291e+00 -9.433472513133800419e+00 4.364594170722750910e+00 4.721459625855536579e+00 -8.199725196210799538e+00 -6.598142228933957298e+00
-1.364616556874333675e+01 -2.802070583805123860e+00 5.766698230501270395e+00 2.038056575379836310e+00 -1.221446165796233885e+00 2.603723972266186681e+00 -2.392290814082752792e+00
-1.499732797146194763e+01 1.258287147670352768e-01 -2.462655155758065595e-01 1.113683935409476022e-01 -2.735777890171101623e-01 5.753720000314435090e-01 -2.621557346998777682e-02
1.733009082348205965e+01 -4.227393779115520278e-01 -4.146099458135819593e-01 -1.090329123943766798e-01 -9.661357547300246373e-02 -3.792495650139537933e-02 -8.048502117329292549e-02
1.518696502209715860e+01 -3.991484577146094948e-01 -3.727797260315275918e-01 -8.688815707331726257e-02 -1.089854991389307276e-01 -2.184872738883479257e-02 -7.382719536831652829e-02
1.761419642409699193e+01 -4.207504231374038506e-01 -4.039199549262064703e-01 -1.199989957497641507e-01 -9.590440660878274404e-02 -4.926511746538764225e-02 -7.799205763390601454e-02
-1.167936697036949312e+01 3.394791250495603929e+00 7.586553482287697880e-01 2.710953122885159661e-01 -1.984360433022686498e+00 -2.428688249222721307e-01 2.416741150320864229e+00
1.688046485974952304e+01 -4.300721755041611027e-01 -4.061485231294578724e-01 -9.351317044884083218e-02 -1.021223035520278377e-01 -2.469296481606635812e-02 -7.894885335749829425e-02
1.153494818532706034e+01 -3.038578720551834422e-01 -2.374042265231329774e-01 -1.129072249137602346e-01 -1.252567733789818061e-01 -6.061839543528638879e-02 -5.074335696534419682e-02
1.445488435928684545e+01 -4.247483063821703708e-01 -3.573758823704924481e-01 -3.293902949563630445e-02 -1.346261367156724453e-01 9.058153555359008124e-03 -7.558860847293621954e-02
-9.733575459163544608e+00 -6.564474844757647531e+00 4.820620021693279966e+00 -2.547048876122505745e-01 1.218770171504486299e+00 -1.258815746816382974e-01 7.176612880799261296e-01
1.853231120366393725e+01 -4.637149032778682956e-01 -4.387856839382486274e-01 -9.689461927308815059e-02 -9.625321837038036676e-02 -2.467406670201521823e-02 -8.390505647610152495e-02
1.920913581118932001e+01 -4.754290870799716684e-01 -4.521053544996222473e-01 -1.001132344072034192e-01 -9.335733715485189377e-02 -2.632839177459003407e-02 -8.595929601913461504e-02
7.648657138128861277e+00 6.446328750864575852e-02 -1.843637077689695702e-01 -3.293351080347019511e-01 -7.174458360519044009e-02 -2.774407026892390937e-01 -7.407473445565440628e-02
2.056933094994522548e+01 -5.330678478270380882e-01 -4.771446363187650253e-01 -5.303067881156110774e-02 -1.139224785551451458e-01 -3.213845760910459537e-03 -9.518344282952168056e-02
7.833103073641339620e+01 -5.113771190553333845e+00 -2.035496072972097448e+00 1.270376447026272171e+00 -1.557302190905507366e-01 1.457501075345351227e+00 -5.237041996841218516e-02
1.921799914572333989e+01 -4.885020609205760200e-01 -4.526106265641509085e-01 -8.871726495246236299e-02 -9.638370769877574462e-02 -1.597917041051671178e-02 -8.583960301624467271e-02
1.928662703694534741e+01 -4.860724241149321778e-01 -4.225685960672685981e-01 -6.381089708287866757e-02 -1.217013724663463803e-01 -3.448489054909290724e-02 -8.080364669169472214e-02
1.784258216096428029e+01 -5.091515910921050603e-01 -4.238347611447050300e-01 -1.819919126256713815e-02 -1.324517140919521385e-01 2.132376285223196860e-02 -8.736289272312984522e-02
2.315929519483838206e+01 -5.480874143794538522e-01 -5.299593888723117541e-01 -1.150553756061579447e-01 -7.747511125024365841e-02 -3.247172444798832047e-02 -9.786907195195129749e-02
2.151962783282595026e+01 -5.639469234847530599e-01 -4.961411502140095076e-01 -4.433058525191854726e-02 -1.137123998985725137e-01 5.845971213736235461e-03 -9.811054316874362469e-02
2.037562347906822069e+01 -5.140851242240380703e-01 -4.501044324234835248e-01 -6.148166931505286148e-02 -1.180428581544244876e-01 -2.800117382644915637e-02 -8.648215440862949688e-02
1.619417989593666007e+01 -4.485720340260500039e-01 -3.940628099182132971e-01 -7.119291438438624109e-02 -1.069088883417591285e-01 1.245467940925309991e-05 -7.561496667199403554e-02
1.389303343515685008e+01 -3.117266486769502132e-01 -3.540216484064080960e-01 -2.171149048244694069e-01 -3.874842292885317951e-02 -7.066317977815765594e-02 -5.377976308754030266e-02
7.735601558762605912e+00 -3.952185213120023438e-02 -1.931317192870533050e-01 -2.549601943035467722e-01 -9.237150512703090621e-02 -1.999986268743897400e-01 -6.932316513383110501e-02
1.636851751450696213e+01 -4.819917488702309960e-01 -3.976300386171909285e-01 -3.726798362050508934e-02 -1.187287074614034876e-01 2.534819992470324634e-02 -7.670538234610124739e-02
-3.531712576274141213e+01 -1.104544671445273074e-01 1.133381010074728135e+00 3.826295361578272436e-01 -5.154145242056102916e-01 2.502042249598908641e-01 1.996465378079340658e-01
2.573166968257023157e+01 -6.062169411455547996e-01 -5.809312892792012351e-01 -1.152406063669428465e-01 -6.969645150460333782e-02 -2.783573495647834878e-02 -1.055221150708202937e-01
1.220638277646646408e+01 -4.396043236616553052e-01 -3.164799407302136824e-01 8.774109675121204155e-03 -1.435691495967473252e-01 5.932150574384183195e-02 -6.373641330996089593e-02
2.090513866556172218e+01 -5.517511665893023443e-01 -4.866848632886420778e-01 -6.659585046758863258e-02 -9.724084446607744736e-02 7.228957783415236593e-03 -9.057392185001442164e-02
-1.589574859567665505e-02 -2.198709326594344704e-02 1.455498671074495487e-01 -1.244543771053327891e-01 -1.880384339398952498e-01 -1.178721204205225165e-01 -1.668940083714125916e-02
-2.560339607446861176e+00 -9.293204156552427320e-02 -1.582348991858000681e-02 -2.669683470843186440e-03 -1.825081435704305755e-01 3.527427686663378581e-03 -1.773939054395626963e-02
6.301503904500584063e+00 1.241218671759374004e-02 -9.925911706891427100e-02 -1.744212253342175833e-01 -1.033589938971980621e-01 -1.473902998072999793e-01 -3.290493871485702937e-02
1.025802133047113784e+01 3.713876619939114609e-02 -2.180284134928454076e-01 -2.488823679334695171e-01 -1.014965625369008417e-01 -2.414099204312818991e-01 -1.065213557292777474e-01
6.325155159993752108e+00 -2.702166604154400686e-01 -2.059591395053610441e-01 -7.385248453412759234e-03 -1.562032977740347717e-01 5.186760870528467349e-02 -3.677108290918564698e-02
9.900924141569642956e+00 -3.909089475208497588e-01 -3.746176154929573565e-01 -5.434211664640445361e-02 -1.138976928239902181e-01 -5.571564003688183470e-02 -1.417558268182010639e-02
8.225103702954953633e+00 -2.241751662957184310e-01 -3.125988260874897895e-01 -7.836341472798177832e-02 -1.127175594173689677e-01 -5.906658876598830377e-02 -3.112212739158311953e-02
8.161135110338088694e+00 -2.266561255911321016e-01 -3.127698732053954545e-01 -7.627618760928574215e-02 -1.132361298555362578e-01 -5.860588984738621110e-02 -3.036524574635635076e-02
1.271077063909413063e+01 -4.346464449310839806e-02 -2.605801682966354393e-01 -2.229288129912543603e-01 -1.124408534568526741e-01 -2.235705064697917910e-01 -1.135748855131670093e-01
1.236025576287400085e+01 -1.196203140014016203e-01 -2.840950602094950428e-01 -2.124174092787610990e-01 -8.613150714366255012e-02 -1.443855504435587189e-01 -7.952779317286545746e-02
7.128900355441849079e+00 -3.212993685121821180e-02 -2.033576214791723846e-01 -2.535894417959591030e-01 -4.806832824483046884e-02 -1.249142537461624680e-01 -4.861720137619197912e-02
7.585948568989294927e+00 -3.701779032211827136e-02 -2.088040772910872145e-01 -2.480215100175465204e-01 -5.384479067133420005e-02 -1.290933871117488918e-01 -5.301045414286650187e-02
1.273361918802279114e+01 -4.502094402915644833e-02 -2.617828699537335657e-01 -2.261937915835545709e-01 -1.080566911394856972e-01 -2.198750253370197749e-01 -1.116398110096690904e-01
-1.818442496333613434e+01 -2.475292907223564653e-01 2.599468007445817075e-01 3.086801720523894565e-01 -3.129823594148904431e-01 2.854314227802279835e-01 6.428661695229470618e-02
-2.433051879381896399e+01 -3.870740276987718054e-01 3.842932301990741317e-01 4.375286470414318507e-01 -4.557310147086246488e-01 3.403904250272675180e-01 4.401684906618805182e-02
1.716238688427943160e+01 -2.261991477353612334e-01 -3.587556103409378361e-01 -1.850064541666904261e-01 -9.647688844055077317e-02 -1.270690506749847237e-01 -9.153900346954731149e-02
3.436132239669974808e+01 -1.894231134118742998e+00 -1.021429161671334906e+00 4.054737851598463338e-01 -1.772635752719107227e-01 4.451023695061652741e-01 2.539619400050666109e-02
1.674486929035568394e+01 -7.169765444368335627e-01 -4.420830053212747579e-01 1.357233771413963452e-01 -1.661290893845529526e-01 2.689328524883788929e-01 -9.056660518489037526e-03
-1.398304893941883620e+01 -2.369292365462409011e-01 1.675630675881639164e-01 -6.490056713778470654e-02 -1.453420193854848275e-01 1.754383465058971803e-01 4.311114472063594383e-02
-1.620342683825541386e+01 -3.460103373073890043e-01 2.447634863118683390e-01 2.772327533592945925e-01 -3.882269520161311105e-01 2.152305374912369673e-01 -5.027581638451794621e-04
-1.307755843155982589e+01 -3.935560695347889437e-01 1.780115526982611052e-01 2.406850779535448792e-01 -3.841354274787840972e-01 1.856486333447383286e-01 -2.089316831448395639e-02
2.096244859530830951e+01 -1.117305080870599987e+00 -5.954958171286763857e-01 2.188250731100580271e-01 -1.839970981075158829e-01 3.375799492274426661e-01 -5.899176852766713219e-02
5.251161900085084433e+00 -6.468259633102518835e-02 -1.414516719160418545e-01 -2.156715284726594128e-01 -6.875129472156128740e-02 4.706210828350038122e-02 -6.567205699812389552e-02
1.103749607271695510e+01 -2.992405603676779879e-01 -2.945581621330539690e-01 -2.017819677231201536e-02 -1.250141283357990574e-01 3.973617640784708749e-02 -3.273845115193198263e-02
6.746995718137427822e+00 1.050849189769804543e-01 -1.198707562910605873e-01 -1.394731743345039576e-01 -1.123737222062102248e-01 -2.953833503148412670e-02 -6.096351726275438254e-02
-1.807495636925113658e+01 -3.331392048277958540e-01 3.114141165151576018e-01 3.059792168850715699e-01 -3.885645973741949089e-01 2.471201476685335185e-01 2.387045695100342702e-02
1.611124049189682594e+01 -7.000364738187484503e-01 -4.251208882377797149e-01 1.368729920772207009e-01 -1.685696057913377011e-01 2.630653300141629902e-01 -1.142891901664835896e-02
-2.322990916422589791e+01 -2.488730940994910434e-01 3.341933800811107136e-01 3.249549769384981746e-01 -3.953732815267690937e-01 2.466626186912805885e-01 2.842828154126650353e-02
2.387125545650619074e+00 -2.133793298910956759e-01 -7.923716134335369310e-02 4.468587072188527284e-03 -1.822700339558898652e-01 3.766729076272176679e-02 -3.074177914971281192e-02
2.654562845748742017e+00 -9.453446290674726027e-02 -1.133576388591720774e-01 -1.410024061834360687e-01 -1.110601388827859443e-01 -4.583840553348690616e-02 -5.251441355818611822e-02
2.956163929415087210e+00 -3.686887057970203441e-02 -1.173049302227854446e-01 -1.083972614574143511e-01 -1.352920864318678529e-01 -8.980937829999943722e-02 -5.942400017754388697e-02
3.025060354430247678e+00 -3.759872825825717052e-02 -1.213633644037413611e-01 -1.080189844040591457e-01 -1.345494068605320448e-01 -8.929375754661292297e-02 -6.030426928625108596e-02
5.329255798018171930e+01 -3.429944885198322524e+00 -1.699979150555497087e+00 8.315494344098386392e-01 -2.251162138645258493e-01 7.597796067763439298e-01 1.074239382976904800e-01
1.524461614457726100e+01 -9.948063401225636093e-02 -3.255393421828959855e-01 -1.898107127077193201e-01 -1.047303344969177097e-01 -2.089910511002064375e-01 -9.488584712164428725e-02
3.762890168833003912e+01 -8.750660024387740821e-01 -8.166763286610618788e-01 -1.160972986355732761e-01 -3.372015018101616468e-02 -6.394283558245852928e-03 -1.409174394955888532e-01
1.588531553983872868e+01 -2.132562763419177665e-01 -3.365362351919113371e-01 -2.086396377565135629e-01 -7.716438457804813966e-02 -1.181918156941535458e-01 -8.338581719545658244e-02
-1.308545012054930679e+00 -2.156148396507045484e-01 -5.029683670788352712e-02 6.623478947594187149e-02 -1.968470792498928923e-01 7.144219703201094840e-02 -1.867267116656444459e-02
4.638630118129100310e+00 -1.435314624624844937e-01 -1.485016755942024369e-01 -7.532059088583241413e-02 -1.459730860468288483e-01 -4.538073736529734531e-02 -6.213806115015794301e-02
1.630690384389829362e+01 -1.901492863949365564e-01 -3.312237585858928135e-01 -1.896863284177719156e-01 -1.037650116080202634e-01 -1.502599478040230474e-01 -1.023181283359526211e-01
-2.229100662058607085e+01 -3.794746885722660723e-01 3.737448049886087365e-01 4.015048770042097259e-01 -4.258205630159571098e-01 3.207019711226195557e-01 4.529507605977062257e-02
6.455464108822031033e-01 -1.847239119918029082e-01 -7.116244970655340174e-02 1.722733793456605531e-02 -1.799582825885196469e-01 2.707688518179088635e-02 -2.954120676554704630e-02
-3.146692241894721409e+00 3.342096545518046247e-01 1.348295067446146078e-01 -1.547601304274816292e-01 -1.567569152494020512e-01 -1.113684220671270347e-01 -7.073634892116220652e-02
-3.491061423675169806e+00 3.319609573342665043e-01 1.437634414768553526e-01 -1.632130765127109695e-01 -1.557359929439489088e-01 -1.165768673477099587e-01 -7.591678843143515043e-02
-2.677443809986980483e+01 -1.834779711333428820e-01 3.798293926239333929e-01 9.612442482405618438e-02 -2.522597334040256878e-01 2.061703405722662419e-01 1.147877949931432329e-01
-2.285956418698324910e+01 -4.564034144156424166e-01 3.760762991706090297e-01 4.300220135722279124e-01 -4.926277703384792650e-01 3.067147902528354897e-01 1.364943132153811911e-02
-2.284222517898316696e+01 -4.574209428964103319e-01 3.760524219659474587e-01 4.304916351089147497e-01 -4.929005380071986298e-01 3.069299816964362049e-01 1.343494870257794238e-02
2.708545863668763687e+01 -1.659298117383972482e+00 -7.499498524762021612e-01 4.251770373033092465e-01 -2.286170278414595691e-01 5.336318246311988478e-01 -4.844870286860394892e-02
1.710374154811110614e+01 -7.284061066445219890e-01 -4.889507277151560749e-01 -1.067239628798864193e-01 -2.873150376656272154e-02 2.786721747970378749e-01 1.605935962751270374e-02
