1.920835196338203099e+00 5.875256122972830619e-01 6.699280534591680603e-01 1.085599941379399747e+00 -2.583375426825099824e-02 1.782032567825335145e-01
1.386531992530022350e+00 -3.601643625518818892e-01 -9.660649966338687999e-01 -1.122382956730526349e+00 6.341540372999803221e-01 -8.440487083716445849e-01
-1.278034396416364848e-01 -1.130519036759469298e+00 1.066132913910443403e+00 1.746137475717469245e+00 -9.529433622965922945e-02 3.101776481259436169e-01
-5.105914251504742873e-01 1.986399863918197006e+00 1.523655151329485369e+00 -2.200656571366592651e+00 -2.646027603354494384e-01 -6.941972925147789075e-01
-1.045004441180663379e+00 1.340821115866204505e-01 2.083448951130321414e-01 -2.540876531834765709e-02 1.894783374128956810e+00 2.287900598611333075e-02
-5.339926573327128390e-01 -7.851587452473719475e-01 8.363938353003637083e-01 2.236849542204379926e+00 4.766475729739204081e-01 -4.609942421561914749e-02
-1.504906524002589119e-01 -5.833278549585156902e-01 1.451877499840701802e+00 -1.734922245024216325e+00 3.746770547106070132e-02 5.495276781764558693e-01
-1.605370448659359850e+00 2.353365022912628224e-01 -9.601207178219941518e-01 -9.911395773674619436e-01 8.463304384418172122e-01 8.959187279338771681e-01
-1.091678200967481027e+00 -1.198272863608395022e-01 -4.408633242333723223e-01 1.777412160526241902e-01 -1.057196880186864973e+00 6.767747137446438188e-01
-3.176102013839416371e-01 -6.565052311160353149e-01 -1.710100724203672262e-01 1.883297470236841908e+00 -2.170820422048308773e-01 -7.073562470209071584e-01
1.212698850628136871e+00 -1.152122480333302168e-01 -1.263102975395826721e+00 4.802268930669650326e-01 -8.683093218679456271e-01 1.240444714100898072e+00
-1.178080973920856200e+00 -2.065953542971153134e-01 1.200297680594009792e-01 1.004997243748718683e-01 -7.417673637669508491e-01 8.049289085026641866e-01
1.680074026062667647e+00 5.756937745286956343e-01 -5.051679135837363610e-01 -2.268229280938366954e-01 -2.189759421330018663e-01 -1.785097763179238628e-02
1.649960216288896664e+00 5.566678298044646089e-01 -6.381177437149833098e-01 3.859118714535246519e-02 -1.094346317259658585e+00 4.500405272360382125e-01
8.147493415129754002e-01 2.467157553537504100e+00 7.471940240089414154e-01 -2.644502372634938148e-01 2.394836552455077983e-01 5.018177938789553094e-01
-1.244551120051070603e+00 -1.082477522461853914e+00 4.112073476303315656e-01 7.685731964560591489e-01 2.119385665027038734e-01 1.700186143639712821e-01
-6.019523403679212237e-01 1.075411166826803600e+00 1.652839243404790714e+00 -2.041355264824428417e+00 -6.814895850047006931e-01 -1.886272305844979291e-01
-4.107069400809332804e-01 -6.297233349306384786e-01 4.555877636764704697e-01 -2.078179037740818469e+00 -9.390739512397238142e-01 -2.970717914100864943e-01
-3.680294633416172911e-01 -1.621812592507303696e+00 1.562622566349781472e+00 8.221719114441836673e-01 4.438966687913250553e-01 5.639764781717114817e-01
-1.598093779635060274e+00 -6.535043183664898114e-01 -1.088936190033801932e+00 1.101138549598043470e+00 -2.560618093977946597e-01 -4.968145901952981114e-01
6.160899668224155759e-03 -4.208804529086415669e-01 3.041575324132277935e-01 -1.841570411382006167e+00 4.349636766993761339e-01 -3.143618802931060774e-01
4.249923811890426312e-02 3.105789124000523094e-01 -1.116935937654388145e+00 -9.198080971448515664e-01 1.484158683932103928e+00 -5.642146803261806065e-01
-6.540812964302247234e-01 1.421700142951991763e+00 -4.081094396663741963e-01 9.220489323740538312e-02 2.122324767890547026e+00 5.950849444035347657e-01
-6.229428190344229455e-01 -1.191475348706521054e+00 4.231537198509984221e-01 -1.557158744892844116e+00 8.304450867659418645e-02 1.085590389174277748e+00
-7.167318147279687635e-01 1.536209848139900580e-01 3.825942184804057566e-01 -1.373236681644199875e+00 1.922219896105021308e-01 -1.653610935764493250e+00
7.154959433928687051e-01 3.502322189106166772e-01 -9.170749884608917490e-01 2.863925921602499258e-01 -1.564061291321146685e+00 -1.030776654835327877e+00
1.954761976101390339e-02 -1.461886827201058781e+00 -5.710286321502610063e-01 -4.870680972306628553e-01 2.037030507979099792e+00 -1.592920066055427020e+00
1.879000938888041317e+00 -3.638866245335614646e-01 -4.965599231445551043e-01 -3.063210808229555604e-01 -2.085986856881559270e-01 5.911756666319382125e-01
-1.170973185637808944e+00 5.570719807437479049e-02 -7.095391702789732857e-01 -5.817732823951483612e-01 4.163373689316136605e-01 1.321410588682019993e+00
-8.059782973004393503e-01 -1.567715126539101847e-02 -4.161491610461217072e-01 -7.409100560801966662e-01 -1.822216401939838359e+00 9.996234343966992064e-01
-1.074469585150317208e+00 7.095665050016196629e-01 2.606924606437060477e-01 4.763756610092412247e-01 7.059856488530292795e-01 -1.008332903467263231e+00
-1.060641778481678843e+00 4.468587096169717832e+00 -6.343727561545856597e-01 1.701065396240071914e+00 2.506117754508740969e+00 2.604622802216689070e+00
1.543486236613814233e+00 1.537869812378449275e-01 -6.639537125267278572e-01 3.760091300203878273e-01 2.497797550304791114e-01 5.482356705691758536e-02
1.458741587767405701e+00 -6.471541682590030431e-02 -9.492439316851971620e-01 -4.691583954677568391e-01 1.324409285051206808e-01 -4.209264942729468162e-01
1.500340113633966466e+00 -4.575688796520926971e-01 -1.511796063123468814e+00 1.252138235963784207e-01 -7.864452740707575940e-01 -2.035788174536968392e-02
1.444208431401138526e+00 -7.574070361671846330e-01 -2.121829120376603484e-01 -5.423716085536670617e-01 4.480947361862905876e-01 -1.016203208971888872e+00
-2.703900086233710920e-01 1.430593119456315732e+00 2.172556423116508151e-01 3.006634118358038621e-01 5.548060732177445553e-01 -1.445971986813140209e+00
1.714444862280171344e+00 -9.025961380722569150e-01 4.991509837919433368e-01 5.828652904320467121e-01 -1.175418020943893999e-01 -2.414949641344250053e-01
5.858514169641270142e-01 -1.106864401358412575e+00 1.092656226581844692e+00 -4.194160201611270011e-01 2.222376445330472294e-01 -7.492108402684188873e-01
-1.024583023890098143e+00 6.605893821995380000e-01 -2.347523094938393506e-01 -2.960615739160753490e-01 -1.456131645746998847e-02 -8.950004493013747897e-01
-1.438852635025819504e+00 -5.936862783834052915e-02 -4.329812744585158080e-01 4.017156757088745644e-01 1.035437182369279285e-01 -7.963583065774870740e-01
-6.468253489545937596e-01 -2.409936710069847665e-01 1.352858308573183121e+00 -8.336162324541795954e-01 -6.329875694437567812e-01 4.225448695348529848e-01
-1.299163227087551276e+00 -6.663465929146336064e-01 -1.539680144333043510e-01 4.870796475339117526e-02 -4.470510269818918636e-01 5.605063644050762850e-01
-1.224663501605316007e+00 5.951569235569557081e-01 -3.613408080837492986e-01 4.597349809931555176e-01 -4.635122570324456959e-01 1.544143706428690477e+00
1.175624559744495423e+00 2.503077774352990836e-01 9.036361219506824360e-01 -5.535061355297014873e-02 -1.234333626480975221e+00 7.914790115070258203e-01
-1.331977020534251155e+00 -2.773741043026982100e-01 -8.049642978143976002e-01 -7.204314203125647964e-01 -1.179950905949876949e+00 5.629738540258365509e-01
-1.535993107025520887e-01 2.140401955874927931e-01 2.356791098123270090e-01 -5.940571259324237685e-01 1.848183224532164770e+00 -5.894590924685016997e-01
4.044539416853882297e-01 -3.458876997751391680e-01 1.605295052111876064e+00 6.204181528009584667e-01 5.554668866195081600e-01 -1.001310125804773188e+00
-2.162683841719945099e-01 6.974798270773256981e-01 -4.944022676708419439e-01 -8.889281133779777244e-01 4.559439314711563052e-01 -1.412693691496505144e+00
3.465189362683067653e-01 1.017894226008392744e+00 2.230433721340690845e+00 3.352519690602264180e-01 9.278124243660972326e-01 4.327180042238448765e-01
1.550654146149234247e+00 2.453958963514159264e-01 6.365616585762853274e-01 -6.178925844138022372e-01 -6.174564626491080288e-01 1.482029865909439081e+00
-1.070029319538936541e+00 -2.155420171884315506e-01 3.914559772977621588e-01 -1.293610376740351176e-01 6.178092690249229468e-01 1.243329649846113050e+00
-1.431078745718001866e+00 -8.988272991573664772e-01 -5.680665267222041459e-01 1.357800875790143857e-01 1.821435623105688989e-02 6.644341376982285108e-02
1.158919471245690724e+00 1.064478945186371872e+00 -1.798643430127045528e+00 3.257974844801579950e-01 -6.278715411194446538e-01 1.119927928228623415e+00
-1.333541223607068504e+00 -4.846390721935642243e-01 -6.589648915591750367e-01 -8.364472960080671093e-02 -3.433889992421980120e-01 7.213765163662890778e-01
-7.707040380934646051e-02 -3.948206763375797790e-01 1.667343510679289709e-01 -2.924521657325436855e-02 -1.364368221847884977e+00 -3.394394535464088092e-01
-6.207522250039166911e-01 2.096164334734294532e-01 1.280074647697759527e-01 4.204555537162290579e-01 -3.829892290856671266e-01 1.553304324361208577e+00
6.790455858596573524e-01 -1.130520131997526878e+00 -4.724299521969990701e-02 3.557279143616700057e-01 -1.076942980204814715e+00 5.750469776480279238e-01
9.439680942054692325e-01 -1.048543869407833951e+00 8.188723927255273649e-01 -5.275724222855595613e-01 2.740012902622616098e-01 -1.480706507974383523e+00
-8.964019797126734357e-01 2.880066773273047831e-01 -1.337509119108795663e-01 -7.828216307575254218e-01 -5.991708007829994742e-02 1.737920106503009876e+00
-7.440405925232471684e-01 -1.242647080621378075e+00 2.131746392810392465e-01 1.587516810550084978e+00 2.857520336074642620e-01 -3.712504180478100047e-01
9.087599707788670544e-01 -1.105030775307409840e-01 -1.009070152294205824e+00 -3.196403250648552352e-01 -5.256895464380284544e-01 3.355960758206301686e-01
1.511756973579162500e+00 -1.937708032202965502e-01 -5.600917432095572357e-01 1.076403717068842303e+00 -7.962724915539028947e-01 9.946743381112354010e-01
1.366255773838638277e+00 -6.617152219202996344e-01 -4.112922843769508674e-01 1.511707282339149749e-01 -5.511893464377193297e-01 1.907400529402081962e-02
1.819920809754746571e+00 -4.531665364332121970e-01 -1.314249619560244331e-01 -8.750384508787188986e-01 2.759105074592018703e-01 6.808730256772760336e-01
1.038278007872121433e+00 -1.287273636380798780e-01 8.667451308166400359e-02 -1.573029486975092706e+00 2.860651770448249809e-01 -5.327336568559772889e-01
-8.427993716420184578e-01 -3.460873568864636374e-01 1.394640524600474496e+00 3.382652122187196908e-01 2.868099711255749917e-01 9.297221780426181414e-01
-1.993128178139036977e-01 -8.776661748648652006e-01 1.908219758029902902e-01 -1.668702230896404792e+00 3.457764441372256914e-01 5.678893475901672927e-01
2.054247879383570563e-01 1.125729077265384959e+00 -3.244653096137731230e-01 -1.329435107600954069e+00 9.364765148303525466e-01 -4.179312698631131029e-02
1.130663705427087107e-01 -9.591125994466573879e-01 1.193607257170029717e-01 -5.652745972378808714e-01 -5.660579979466902056e-01 1.764405498228505120e-01
3.284499794714833554e-01 8.034706732449146127e-01 -8.624678332350695087e-02 -1.082175324323864984e+00 1.086618262691920522e+00 -8.657849874729725004e-01
-8.411366447058269413e-01 -8.052650460486308059e-01 8.226566030216472258e-01 7.747232940527101208e-01 -4.607500088299882335e-01 4.621120109687052446e-01
1.623493154794391158e+00 -9.592690721406064158e-01 5.165040027958903712e-01 4.053564782839317315e-01 1.422576901519654768e+00 -3.053272283563807643e-01
-1.082677663857208206e+00 -6.251157430074761878e-01 3.635685197247305878e-01 8.575998051239901443e-01 -9.142875234651222094e-01 7.453914597636831507e-01
-1.259624994640938522e-01 2.800750076878763650e+00 7.757294502426055269e-04 2.079209611065895302e+00 -1.937004143598732631e+00 -3.064274019105537317e+00
5.020969612247534464e-01 3.165102443757830120e+00 2.738955019450728390e-01 1.548639113375073650e+00 1.034246833513946306e+00 1.578999825216251596e+00
-1.156028937645950938e+00 -3.123854379804543169e-01 -2.261734275571665176e-01 -9.016892492813962656e-01 -7.561787945875036998e-01 9.849080971520457473e-01
1.429643456075413710e-01 2.145557866965686067e+00 2.949819105835353561e+00 2.364259754281672343e+00 -9.004706958888850643e-01 -4.437819445030707577e+00
1.236211522705279675e+00 3.484569346513305410e-01 1.892375814268666634e+00 4.816405811089039535e-01 1.535179654968698432e-02 -1.327414085648562336e+00
-1.332952133470638234e+00 -5.050854358123715304e-01 -1.366308867527165516e+00 -1.482719869928819101e+00 -9.640865436888896856e-01 -1.732169931914893587e-02
-1.087010333461537526e+00 1.832282458557808746e-02 -2.354774515351026627e-03 -4.778251552641393229e-01 9.542100419792420851e-02 2.121155138181047561e-01
-9.343285382736672418e-01 1.475465207183661032e-01 7.948518357466292095e-01 4.311115759216735954e-01 -1.413715364543502440e-01 1.561218649891077837e+00
-6.453570415420705197e-01 -5.737218583093414148e-01 6.315645024130293050e-01 -1.040883801094657723e+00 8.223021988751995082e-01 -5.840419354495980375e-01
4.754425414841801506e-02 3.951451150540104540e-01 2.362718510859976639e+00 8.970709090399067720e-02 1.301937616050832247e-01 -2.780665510120567396e-01
-9.813856851500685208e-01 1.708088621201956592e+00 2.767269366306955927e-02 1.020056579214518644e+00 -1.296924425320885144e+00 7.983139818020081879e-01
-1.390211469984884207e+00 -5.648858289054826676e-01 -1.551116437175022345e+00 4.789746165520579191e-01 1.094474612385592183e+00 -5.261435489223732498e-01
8.252108437475415004e-01 -2.219411985545278188e-01 -1.022591373834148332e+00 1.680980501038112918e-01 2.558054483581222449e-01 -2.784605932524080729e-01
-4.413172295524615540e-01 -8.475568124538620518e-01 -5.127267330949053514e-01 1.778905372029494725e+00 2.240406471742853178e-01 -5.320678661746990334e-01
2.913046401544439057e-01 1.290444461246380792e+00 -1.841682701368487551e+00 -1.907932081495664900e-01 -6.682058905401065674e-02 -1.012891676636455962e+00
7.721710952409263085e-01 -1.497488191312319694e+00 1.474938846694863415e+00 1.720662192876691587e-01 -6.208339417441346431e-01 6.318385718804636619e-01
-1.156432151272753117e+00 1.524160480864775069e+00 -1.695137727686132261e-03 1.262418805979735659e+00 -9.971722408203118615e-01 -1.113200430082775139e+00
-2.628187790451886885e-01 1.091486303045049455e+00 1.721427583786853788e+00 -1.418030092826387367e+00 -9.140230062035938907e-01 -2.080307070843304462e+00
9.231550570642310660e-02 6.049289196960270232e-01 -2.290936217068713976e+00 1.981488090393265511e-01 -9.520470940927528991e-01 -1.020075521497920690e+00
4.897770608445210089e-02 4.702148054227059948e-01 2.079883389274856054e+00 1.046133528150502284e-01 -6.242438517356150296e-01 7.437657801978806438e-01
9.844508790610307924e-01 -7.830239411656838566e-01 -7.699095439741359126e-01 -7.780157781854825094e-01 -7.477133095328624135e-01 2.320351445687673930e+00
2.401784561455244937e-01 -5.567374515823232395e-01 2.263283178280571128e+00 -4.874296701009208088e-01 6.508792164081780296e-01 -8.947076183700587437e-01
-3.087829107776985382e-01 -1.311618681551356635e+00 5.998000568994718007e-01 -1.383908387340515356e+00 7.521043243041652948e-01 5.209775815636845386e-02
-3.557725404171493966e-01 3.266029266017807520e-01 3.622048951797395278e-01 1.206224341248774090e+00 -7.006720989383017351e-01 -2.024891086342421598e-01
8.216624761140308708e-01 -2.325496099999660338e+00 -3.694681872337149953e-01 1.648875551782314208e-01 2.076936521196428576e+00 -5.076178552386951814e-01
-1.409835408897383013e+00 -8.720131741843849538e-01 -2.829191326562922604e-01 9.936428771723564424e-01 -1.601574501759545424e-02 1.382021456546403126e-01
-8.021163134941307060e-01 -3.594104403213723709e-01 1.024639143742841485e+00 -1.647718221954964424e+00 -1.943271406531914103e+00 1.067836563652667659e+00
-1.191320978951655229e+00 -1.263370190659710124e+00 -3.152360484125243389e-01 5.636483248819215142e-01 -2.376671252289521974e-01 -1.179400091731970940e-01
5.159148787233550637e-01 6.731351211273274293e-01 1.213846186507441915e+00 1.015129185271880896e+00 -2.153593135558028171e-01 -1.467843944855417269e-02
-7.974567647248902436e-01 -1.092307878704261048e+00 4.145199997798524466e-02 2.019342495331446941e+00 -7.212467088428911044e-01 -4.536746843246614591e-01
1.176393396453917273e+00 7.295220977405078022e-01 -8.328652138603953592e-01 -1.964577145925623602e+00 -2.828259342771754503e-01 8.435287737733067059e-01
1.685388124286711364e-01 4.775160315899697888e-02 8.987746318994633832e-01 -1.827570973244204700e+00 -1.794326946261408429e+00 -3.382469668340664648e-01
-6.374839117776445185e-01 1.525995335122865004e+00 2.323924045128914484e-01 -4.831658672387007525e-01 1.044157286570239984e+00 6.324999277478881021e-01
-5.643378622210868389e-01 -1.401151250766653700e+00 1.265034837932664358e+00 7.350549993078056010e-01 1.079810418600368971e+00 2.312368464166663362e-01
1.812692220249100483e+00 4.036273750021582840e-01 -3.797632238222503620e-01 6.371269611088299367e-01 -8.174588129558154614e-01 2.545962608725034770e-01
-9.989453798764752479e-01 -2.227408515497472374e-01 9.267762174752002258e-01 -6.555780086457770883e-01 -1.480736247186064336e+00 9.470760406361005135e-01
5.926347521163297660e-01 1.221059783765198636e+00 -1.095383839737184672e+00 8.904996676542816791e-01 4.197103941569773067e-01 -5.042050143074835455e-01
-4.744573187977749740e-01 -1.897629998873816337e+00 1.017362416306422990e+00 7.521892348638012926e-01 -2.471842421710565008e-01 4.534740640589453586e-01
-9.338838749056073141e-01 -2.747802938518556504e-01 -1.778519890998035535e+00 1.192224143723827678e+00 2.902643486518610705e-01 -1.650615424836037626e+00
1.212091634211311497e+00 -7.268789817516778662e-01 -1.724169904942984388e+00 -1.496723117617947685e-01 1.435879368485242891e+00 -8.726801255864816143e-02
1.502172245109601789e+00 -3.640091644382477121e-01 4.699632171339138131e-01 5.540362674720128444e-01 -6.874257497571526487e-01 -3.954197882335461212e-01
-8.098221730457040302e-01 -7.605735414823056040e-02 5.656138582122358649e-01 -8.610057428012217462e-02 -7.747980076958221884e-01 -3.971420714630790050e-01
6.177519356647508397e-01 -6.439380185027986370e-01 -2.076311374903486495e+00 -4.180949839963907233e-01 4.479175729967849739e-01 -1.048648097713483773e+00
-7.513265248505571758e-01 9.964423446216276181e-01 -1.034221655440779875e-01 -1.507887758250699983e-01 -2.689727967083467841e-01 -7.460437217002757748e-01
6.105789504430245707e-01 -1.554848266330810302e+00 -3.534148507927443172e-01 -3.338177834540758115e-01 2.297785016452844165e+00 -9.580018098827353112e-01
1.620288954845084728e+00 1.194263060401860255e+00 -2.277973709043377704e-01 -3.902078574409718059e-01 -5.840123024053622824e-01 1.611630801795168377e+00
1.213789118448194593e+00 1.975317555887448617e-01 -1.042477000249461661e+00 -3.218328886077977818e-02 1.468007814588662807e+00 2.576685502102105119e-01
3.635620782339568646e-01 6.176878039579331015e-01 -4.276059452900363156e-01 -8.316302412618541418e-01 1.436309829855597853e+00 -7.154898693992891578e-01
-1.192094477133353703e+00 4.036772128000468141e-01 -6.987062089514939345e-01 -2.686279469896695193e-01 -1.434228603625898435e+00 9.827802762957482674e-01
-1.258222039699808725e+00 -4.419402457950590835e-01 -1.001580565665738387e+00 -7.583437379408259904e-01 -1.322980020345651431e+00 1.685223770512136177e-01
7.850593766464596390e-01 1.021105520689637336e+00 -1.109128507748241566e+00 -6.999560700697493587e-01 -1.715279449414134572e+00 -4.997305005514677267e-01
-1.312633347551010132e+00 5.462100881104164224e-02 -8.787049708509119261e-01 -3.896026682215472103e-01 -2.214611770118748157e-01 -5.096437255219753854e-02
-3.263551841665270070e-02 1.138563070970798119e+00 1.217798458127672401e+00 -1.107490681429482926e+00 -2.743137377288394976e-02 -1.100514607852117077e+00
1.077103679254118207e+00 1.842605793231376632e+00 9.340968604628192562e-01 5.505932198788416887e-01 -1.409297121380087836e-01 7.913727489331253695e-01
-7.107041662486094369e-01 9.507490358938569530e-02 -2.198102189207796764e-01 -1.207786608357050318e+00 2.154418751146351119e-01 -9.524685166792936641e-01
-6.890936928294782993e-01 1.633743261501355570e-01 -1.486523904239381633e+00 -5.227791888214794458e-01 7.238312407934194281e-01 -9.172615237979832026e-01
-2.159604529583876165e-01 1.148086174100816370e+00 -4.782208567679749334e-01 5.566535667035323875e-01 -2.002258836149527765e-01 -2.788894951070099437e-01
9.999184674992424027e-01 -3.889267056214484874e-01 -3.558307971455297869e-01 3.830553514054863551e-01 -1.950245414957695100e+00 3.873704480056143207e-01
-1.163829248023952045e+00 -6.435637397292456319e-01 -2.116550953697136916e-02 3.455174519233422670e-01 4.908879481770793696e-01 7.927055991607288021e-01
-8.634826322920660102e-01 4.710226588554858873e-01 -1.587897488470261020e+00 9.295385521779165883e-01 -4.411663598640759298e-01 -2.719123198989971124e-01
-1.103035485674911831e+00 -4.725357963685165030e-01 2.929488711833937442e-01 -2.226323002263279061e-01 -1.761444595133909718e-02 4.747172434317230572e-01
-2.602939100173487508e-01 1.028298890487119310e+00 -6.772362897042011332e-01 -1.663433303654131279e-01 6.948351760616774397e-01 -1.313682766630888121e+00
-3.783590775462456479e-01 1.709436749022544166e+00 6.462351457775820096e-01 -2.710755782759982413e+00 -3.872623562641770434e-01 -1.440481146624980724e+00
-8.755009647741800460e-01 -7.375928432805547441e-01 1.976374874719854791e-01 9.951692456937392128e-01 -1.606872775758146632e-01 6.701045877436306863e-01
-1.427679700694930887e+00 1.932181760062084697e-01 -7.057424491600194916e-01 1.051499670836889111e+00 1.211670647204132978e+00 9.564881795484817539e-01
5.397810618632634672e-01 4.570816470106683349e-01 -2.097754646549904400e+00 -1.918090923265315315e-02 -7.112307488222047169e-02 -9.867583702532647938e-02
-1.248703882949765837e-01 1.264785512270680146e+00 1.855184395165478950e+00 -5.159747233959058876e-01 1.981544185353396603e-01 -4.995379779480573212e-01
1.557698625353055144e+00 7.429638955240816522e-02 1.318374150437710224e+00 4.402807386642559884e-02 1.791971207895864671e-01 8.258633242204331815e-01
1.577569675543178729e+00 1.640478485615003146e-01 2.775878592771011677e-01 3.047270520396951343e-01 -5.387294524190929662e-02 1.714295476981157473e-01
-1.503230337329408695e+00 7.681895996777010627e-01 1.048887539343422784e-02 -9.080053799228673395e-01 -1.242357012365802760e+00 -9.379257609211262281e-01
6.838522679050861308e-01 -1.051356404311659803e-01 -7.981965436078904963e-01 -7.112357984693858937e-01 -2.088129238280722610e+00 5.704211907364324929e-01
1.481559735408581213e+00 -8.794516270502928945e-01 -9.044708063830967371e-01 1.661060165423387414e+00 1.426736350938533418e-02 7.097272174746790396e-01
-3.033466495016241549e-01 5.798417706908849389e-01 -1.787942062594389536e-01 -3.283315365420333420e-01 3.443707061411079295e-01 -3.771877870694595458e-01
1.981834172389915549e+00 -1.183945150946573294e-01 7.506801729579574145e-01 1.476635444426978472e+00 -9.428427786113091624e-01 2.415063138985150459e+00
-7.650908570353118776e-01 -1.322339009675606691e+00 1.180433425710411877e+00 1.288894304213129782e+00 2.745500420953499859e-02 5.874785432146035768e-01
1.857014843734987375e+00 1.989782086846890174e-01 4.181866496138408884e-01 -1.538876545552229080e+00 -3.196236260517711369e-01 1.035313712978645162e+00
1.428561136059497194e+00 -1.220997858306420714e+00 1.169721994635294138e+00 4.160562192488135302e-01 -1.751731246818873378e-01 1.142713911454858566e+00
-2.065202552287812854e-01 -1.024039400564430879e+00 6.064337841881261432e-02 -2.546276515776815241e-01 -1.746237580162233849e+00 -1.363760602815121903e+00
-1.064034797430412516e+00 -8.715938319584760618e-01 1.975336377254733877e-01 4.393824390597188545e-01 -2.710946886999296979e-01 5.041338926432865630e-01
-1.074300594630711592e+00 -7.504125898054522237e-01 -2.712233029215588842e-01 4.472213927017739121e-01 -9.530534948667449546e-01 6.057237378377138270e-01
-1.041000103808187527e+00 -4.809988595748444506e-01 -7.035067766595241023e-01 -2.759795037206918544e-01 -7.293196686742601242e-01 8.770848202279486472e-01
1.004351243379039138e+00 -1.958165126719127569e+00 1.158912383899167453e-01 -1.268408253700790966e-01 2.486444218194866718e+00 -8.416356987293095449e-01
-6.286345194311492302e-01 -6.814582867475047490e-01 -1.757551222615276465e-01 -1.549991124575482715e+00 -1.826937867985636288e+00 -8.223867355715938077e-01
7.286367752270108689e-01 1.626076359268686933e-01 2.183493570935113315e+00 -1.139785760150052868e-01 1.122133647742280083e+00 -5.587925677591097928e-01
2.126949187495834614e+00 3.215588643634509913e-01 -5.425333435260623061e-01 -1.223530375020427385e-01 -4.268139246513754093e-01 1.220446893734255661e-01
1.391290536932128008e+00 3.384355818839203667e-01 -9.060070766149133092e-01 -2.325197249643461972e-01 -4.458658491941290269e-01 3.623832954560517461e-01
-1.060115645684530650e+00 7.059822169722118623e-01 -1.096635136639241281e+00 1.828806059887995161e-01 -6.551309600589629856e-01 -7.002868186658763872e-01
2.461549978877534961e-01 -4.824888619065841322e-01 1.968650328686344653e-01 2.996305066797010141e+00 3.003283245133290397e-02 8.887481596449361976e-02
-5.318461741147645361e-01 1.584469911410289200e-01 -1.003332902142068495e+00 1.646315450385198886e+00 1.335685713582863476e+00 -7.147100768959172568e-01
1.327102432508023844e+00 -6.618841362315087684e-01 -4.098979044169099861e-01 1.592640680230640315e+00 1.719295689771378199e-01 -1.042935025393554760e+00
3.158741844387599751e-01 -6.559701657437364553e-01 6.768266443068977622e-01 9.156318484999439455e-01 -1.318341979566262756e+00 -1.164971251394125995e-01
-7.722811673878838823e-01 -6.200710955406480984e-01 -1.218392336694983924e-01 -1.413065384033551641e+00 8.253842532845994118e-01 -5.720275865506284640e-01
-1.530226646394503565e-01 1.365763953744005520e-02 1.751462396093505847e+00 9.335576167784721546e-01 3.594913778872266263e-01 -2.570940158205248238e-01
-2.886801352822703781e-01 1.074606985825865779e+00 1.106350666683174166e+00 7.095856115098383432e-01 9.549431281012996653e-01 1.074221205697037496e+00
9.210972603219095278e-01 1.437632308734779207e-01 -2.146385326787873637e+00 -2.405010290756560698e-01 3.209812616769591731e-01 -7.571212380815064424e-01
1.182598587102752896e+00 2.064745724553196660e-01 -1.594276267581035356e+00 2.183178078564774471e-01 1.935412881707920807e-01 -1.111585225836032309e-01
-1.470676328497367624e+00 -8.967242072993450996e-01 -5.668177400022704759e-01 1.034402852736779233e+00 9.032978964231153096e-01 4.293956324030910876e-01
-1.017262107839626450e+00 -5.012623032641874699e-02 -5.237757180424836533e-03 -2.869246251616900389e-01 9.727430865772522806e-01 -3.998924167177324018e-01
-3.038129699381102999e-01 3.231401619855585050e+00 3.942247862451151441e-01 -7.632614808523064710e-03 2.518554250804460271e+00 4.552373199064700948e+00
-6.845128126634976162e-01 9.820701040987285524e-02 -1.128499774089028740e-01 2.245858914635446180e+00 1.210728616161485638e+00 -5.460243964329670741e-01
-1.634144723373282537e-01 -1.407348887429281215e+00 5.663624948812493454e-01 -1.050098688774369071e+00 -1.434570100910521895e-01 3.904468708679723621e-01
4.453672658216000640e-02 6.561185543565004608e-01 8.433800954586830878e-01 -1.894435554686567214e+00 3.129502056302517321e+00 -5.806642793292545734e-01
-6.192627413060617370e-01 1.818552780334033780e+00 -1.197337418087429439e+00 8.117964215082014157e-01 -1.099264854926738533e+00 -2.179263117297096652e+00
4.226403176592463118e-01 -3.031567283506401145e-01 -6.042464500650407411e-01 -7.368914359192896280e-01 -1.347169883883758690e+00 -2.887752961105651828e-01
4.686290757926535044e-01 -1.090461008033724699e+00 7.538568838385295567e-01 1.063968148189368357e+00 -1.352575852637604603e+00 -3.585346051840155313e-01
1.671242151166209444e+00 -1.194520035760270604e-01 1.494631739827235517e+00 6.440589009448349778e-01 9.088498215496606525e-01 -1.325335812365567856e-01
-6.121533288681926810e-02 -1.451650359111149591e+00 4.656724189745805598e-01 -8.099681386357089341e-01 3.073889718468445054e+00 2.483199404717279513e-01
8.248685417948992127e-01 -6.158000310469827765e-01 -1.970301653431049571e+00 4.651403415633039162e-01 7.182708741442098699e-01 -7.179721247292079056e-01
-3.016993582579045596e-01 -6.793047396068713217e-01 -2.155249150686915804e+00 -7.080704847980876515e-01 1.627916248027939883e+00 4.868863936020303429e-01
