1.74 0.635 0.781 2 1.73 1.52 1.33 0.414 2.78 2 0.665 2 0.823 4.62 6 4
2 0.237 0.601 0.428 0.23 0.822 0.112 0.194 0.344 0.462 0.141 0.277 0.459 0.596 0.436 1.25
13 28.7 14.1 38 44.1 28 34 48 20.5 712 54 56 50 228 16 42
3.03 1.96 2.23 4.46 3.1 6.03 3.92 3.42 3.98 9.93 2.7 5.59 6.24 12 11.1 15.7
0.832 0.278 0.551 2 0.812 1.77 0.636 0.538 0.772 0.688 0.217 0.495 0.673 1.16 0.89 1.43
132 64 110 130 72 269 32 146 92 254 90 138 320 160 522 596
69.1 10.8 36 36 10 54 19 16.3 12.9 64 21 48 66.6 88 36.5 182
2.92 3.49 2.55 5.41 4.32 10.6 6.24 12 1.07 5.15 3.36 4.11 8.93 4.88 1.92 6.03
786 118 326 298 124 329 72 206 78 276 54 108 217 294 102 622
24 23.7 23.4 37.2 28.9 66 28 42 22 52 26.2 36 16 20 42 30
0.341 0.246 0.378 1.42 1.26 3.9 2.03 2.06 0.217 16.6 2.9 3.15 7.2 5.69 7.31 6.12
0.957 0.72 0.707 1.77 2 1.92 1.12 0.853 1.17 1.1 0.616 1.07 0.902 1.75 1.67 1.77
3.93 1.96 3.08 3.88 3.6 5.38 2.84 3.06 4.15 6.03 4.33 24 9.09 18.2 6 20
1.75 2 1.21 1.07 0.939 1.37 1.1 1.01 0.943 1.54 0.969 1.11 1.26 1.29 1.13 2
852 620 468 222 222 300 362 364 336 3.64e+03 566 430 954 1.59e+03 776 602
1.53 0.861 0.852 3.19 1.67 2.89 1.82 1.35 2.08 1.93 0.917 2.76 2.02 3.92 4.75 5.54
0.103 0.0485 0.119 0.512 0.283 0.693 0.39 0.268 0.407 0.807 0.167 0.748 0.723 2 1.42 2.51
1.13e+03 184 452 436 592 1.36e+03 282 360 544 1.06e+03 166 964 814 1.81e+03 1.87e+03 3.24e+03
574 64 170 135 141 268 16 74 43 176 25.6 56.2 70 146 100 488
67 112 34.3 52.2 118 65.5 23.8 35.3 30.7 156 72.9 93.4 32.7 46 66 168
48.6 58.3 44.5 36.9 34.5 28.7 30.6 6.56 8.8 472 182 96 45.8 108 48 70
10.1 6.31 6.6 8 5.96 13.9 7.05 5.07 6.23 106 60.9 11.5 16 90 24.5 37.3
11.6 2.04 4.91 10.2 10.9 10.2 11.7 15.9 19.6 117 135 82.4 24 11.6 41.3 28.6
4.1 3.61 3.12 5.45 3.79 7.4 4.5 6.83 3.12 20 14 15.2 8.9 10.4 7.42 12.6
246 60.6 54 102 38 110 30 110 106 188 148 170 118 376 85.1 256
534 144 204 600 250 602 132 198 182 554 230 450 144 894 158 1.4e+03
2.65 1.27 1.18 2 4 2.76 2.25 1.27 2.73 2.45 1.1 2.59 1.9 6 5.68 5.87
110 65.3 78 126 98 89.5 50 44 15.7 73.3 15.7 56 34.4 60 45.1 62.5
16.1 20 10.1 18.5 10.3 8.69 6.39 2.27 10.4 21.7 16.2 16.2 22.7 16.4 14.4 21.2
58.5 40 22 34 56 70.1 77.6 26.3 22 200 72 90 46 126 92 68
206 80 12 4 20 18 18 14 4 30 44 20 12 16 52 26
1.45e+03 160 697 452 202 1.09e+03 106 142 288 591 114 428 410 222 864 974
12.1 2.84 4.23 8.19 4.94 8.01 5.66 5.68 8.72 19 8.18 20 10.1 18.2 31.1 26.7
310 52 58 134 86 56 28 34 26 82 18 70 86 80 90 268
1.22 3.07 0.908 1.33 1.03 1.99 1.28 2.15 0.523 1.77 1.09 1.28 1.7 0.843 0.199 0.873
3.12e+03 310 1.04e+03 900 304 1.98e+03 234 466 378 1e+03 248 638 1.51e+03 1.36e+03 636 3.78e+03
262 180 180 336 148 212 80 148 204 1.21e+03 804 1.98e+03 412 908 580 1.55e+03
14 16.6 16.8 44.1 130 24 22 10 24.6 39.1 22 28 18 48 18 27.4
22 12 8 8 4 16 4 6 4 26 7.37 6.85 10.9 11.2 11.1 18.2
18 2.08 10.9 40.2 13.6 19.3 16 2.73 37.9 28 -1.19 11.2 8.98 37.9 168 86
2.7 2 1.5 1.66 1.27 2.18 1.31 1.14 1.33 1.88 0.963 1.42 1.72 2.42 2.07 4
17.4 19.1 13 22.4 19.1 52 34 16 0.189 67 28.5 17 25.1 28.9 18.9 20.2
4 2.33 4 2.32 1.68 3.17 1.73 1.56 1.87 4 2.39 2.21 2.52 2.8 2.51 4
5.14 2.06 4.16 4.51 2.57 7.67 3.31 4.73 2.12 3.65 1.84 2.94 4.93 4.77 3.63 7.63
133 33 55.6 14 38 52 16 40 36.6 107 134 76 135 52 102 450
2.89 0.49 1.04 2.63 1.93 2.78 1.63 0.895 2.3 8.71 8.26 8.08 3.26 6.66 7.72 7.5
73.1 6.51 22.9 57.2 82.3 82.2 8 48 22 95.6 16.9 94 36 66 21.7 98
25.8 60 26 26 2 20.7 23.9 25.1 14.2 35.4 26.1 18.9 25.5 1.42 -2.42 3.45
90 30 16 70 22 52.6 5.9 22.2 28.8 167 121 112 32.3 16 25.2 62
20 1.64 8.54 10.8 11 19.7 8.09 6 8 10.3 1.86 13.9 14.8 33 60 68
283 -0.492 104 101 46.8 264 -6.79 38.5 48.6 5.26 -9.15 78 158 120 128 920
18.4 8.26 10.5 24.8 15.9 15.2 9.61 4.77 48 22 10 21.2 4.15 36.6 51.5 46.4
42 3.46 15.7 4 3.61 60.2 5.13 12 12 14.4 6.04 13.4 16 6.63 5.6 11.6
14.6 2.28 3.13 6 7.99 9.56 3.3 9.84 11.6 119 50 60 25.5 78 52 66
1.27e+03 512 808 1.93e+03 940 2.68e+03 596 823 912 1.23e+03 534 1.02e+03 916 834 544 1.35e+03
76 66 64 26 25.3 14 8.98 14.5 17.3 20.3 5.12 14.3 15.9 9.98 11.9 26.2
4.42 2.94 2.99 5.77 3.53 5.7 4.59 3.62 7.61 41.4 7.09 27 13.6 26.7 16.5 23
1.15e+03 428 716 2.34e+03 1.39e+03 3.64e+03 1.73e+03 1.39e+03 544 1.25e+03 322 1.15e+03 2.55e+03 3.03e+03 2.26e+03 4.52e+03
6.24 1.47 3.33 7.57 7 6.57 4.86 0.59 13.5 9 2.38 10.5 3.98 24 35.1 28.6
576 80 48 64 148 170 182 152 172 174 169 160 144 90 87.5 46
4 8 3.87 2.17 2.54 2.69 3.62 3.53 2.36 4.97 3.88 3.29 3.47 1.1 1.09 1.11
0 0 0 0 0 0 0 0 0 0 0 0 0 0 0 0
342 268 167 48 20 31.9 69.1 14 20.8 308 190 142 198 84 248 476
7.45 5.78 5.28 -0.214 0.0792 -7.37 -0.652 0.34 5.4 79.2 26.1 8.36 10 10 21.7 2.97
4 1.11 1.29 2.1 2.26 2.28 1.25 1.05 1.61 1.84 0.882 1.73 1.34 2.56 2.38 2.85
1.44 3.66 2.14 4.75 3.85 4.9 8 3.9 2.41 3.72 2.76 3.72 5.07 4.9 3.92 3.72
36 3.61 7.88 11.6 15.3 7.36 9.6 17.7 13.4 62 16 40 12.3 21.5 16 9.64
10.1 4.77 10.2 6.65 4.35 10.8 2.37 10.2 2.65 8.56 2.94 9.29 9.25 12.5 8.19 16.1
58 6.31 7.62 14.9 10 30.7 20.9 20 9.03 70 9.09 50 16.2 133 37.1 43.9
30 28 70 28 31.8 49.2 21.9 30 10 22.7 17.2 28 19.9 18.2 26.2 26.8
14 4.68 7.79 9.98 6.1 14.5 6.44 7.94 6.93 38 29.2 14 22.4 28 19.3 34.4
0.105 0.049 0.119 0.654 0.517 2 0.795 0.72 0.129 0.324 0.109 0.382 1.23 1.23 1.02 1.91
284 224 51.2 10.1 15 41.6 34.7 72.6 80 3.47e+03 804 264 690 302 1.61e+03 138
4.92 5.69 4.6 3.67 3.92 5.9 4.59 9.41 2.25 22 16 11.7 12.4 3.33 0.748 1.7
12 4 2 3.45 4 5.57 2.46 2.36 2.76 6 6 7.33 4.68 6.75 4.72 9
10 2.98 3.08 2.3 1.82 3.15 1.62 1.81 2.09 5.76 2.05 3.15 3.11 4.03 3.17 4.79
0 0 0 0 0 0 0 0 0 0 0 0 0 0 0 0
0.965 0.0601 0.316 0.59 0.344 0.811 0.229 0.157 0.398 0.367 0.0194 0.329 0.476 1.13 0.947 2
30 12 22.1 10.3 2.18 12.4 4.19 10.1 8.33 20.3 8.99 10.4 11.2 22.7 7.16 10.2
1.77 1.51 1.09 1.94 1.72 2.68 1.99 1.8 2.15 4.06 2.48 2.72 3.2 3.79 3.27 3.91
4 19 7 4 2 1.32 2 10.5 14.9 204 76 37.5 6 20 22 -3.9
0.571 0.0884 0.21 0.592 0.507 0.443 0.354 0.0437 0.836 0.484 0.0989 0.536 0.23 1.57 2 1.56
1.75 1.03 1.01 2.01 1.76 3.5 1.92 1.73 1.8 5.4 3.14 4.17 3.53 5.08 4.53 5.88
738 136 300 332 268 648 168 166 84 318 62 148 285 526 134 743
468 45 70 100 42 100 41.9 82 37.9 135 26.8 66 168 174 88 258
4 18.7 18 24 56 28 34 20 18 98 58 36 84 32 96 69.8
1.21 1.57 1.16 1.48 1.37 1.96 1.67 1.74 1.83 4.96 6 3.36 3.43 3.92 4.3 5.61
8 6.66 2.82 14.8 12.6 13.1 13.6 16.6 10.8 18 19.3 10.6 13.5 19.9 32 15.1
26 14 6 22 18.1 5.44 10 14 20 122 40 12 18 74 24 42
528 550 672 510 277 563 326 256 256 188 172 76 318 191 176 348
716 52 76 282 54 104 39.3 40.2 54.2 174 56 190 8 230 22 34
16.8 6.38 6 10.8 8.95 7.75 6.08 6.32 10.4 76 18 8.58 28.9 60 76 78.5
157 59.2 127 39.8 32.2 105 36.3 40.8 34.5 191 82.1 146 99.6 88 130 170
6 17.7 6.46 4.86 5.54 7.54 4 6.52 12 198 62 39.1 96 97 54.2 85.5
2.56 2.52 1.53 5.91 3.52 7.95 5.37 3.75 4.6 6 6 4 3.91 25.6 7.48 20
0.885 0.127 0.37 1.15 0.788 1.14 0.662 0.275 1.19 12.9 12.2 4.99 4.18 6.89 9.16 10.1
33.6 16.1 36.2 32 14.6 15.4 12.8 16.6 22.6 38.4 16.1 28.4 22.9 29.8 34 23.3
90 58 56 34 34 26 26 40 10 84 62 45.7 14 28 32 50
5.33 4 2.89 4.12 3.11 3.86 2.72 2.9 4.82 240 36.1 20.8 40 36.7 73 13.6
314 20.9 11 34 20.2 82.3 2.67 16.7 42.6 61.4 15.5 41.6 56.7 92.9 62.6 184
1.54 0.697 0.821 1.51 1.07 3.11 1.62 1.54 0.375 6.07 1.57 1.71 4.09 2.18 5.61 3.96
5.96 3.89 2.32 4.28 2.26 2.28 3.68 3.35 3.64 42 11.1 7.37 7.04 10.8 13.6 6
316 25.4 18.2 14.3 14.1 8 2.1 15 10 110 64.4 78.1 39.5 29.8 14 70
8.29 3.47 2.23 3.85 8.22 2.47 4.39 3.25 2.37 7.48 2.67 3.87 5.26 6.21 5.18 7.05
142 58 44 92 34 38 18.6 20 26 64 31.7 31.2 21.6 36.7 16.1 58.9
10 2.42 4.94 10.7 8.43 16 10.9 5.99 6.03 6 6 5.54 6.39 9.65 20 22.6
1e+03 136 396 158 216 382 74 118 74 178 34.9 98 314 336 82 642
2.95 3.58 2.51 1.38 2.42 3.34 2.98 3.97 2.02 13 18 7.48 8.59 7.13 2.35 5.33
0 0 0 0 0 0 0 0 0 0 0 0 0 0 0 0
257 96.8 147 94.9 90 81.3 66.1 88.1 56 177 214 74.3 26 26 132 92
0 0 0 0 0 0 0 0 0 0 0 0 0 0 0 0
3.96 10.1 5.51 14.6 2.55 5.74 2.9 8 1.94 2.55 4.23 1.96 7.58 1.43 -1.5 3.13
100 78.8 57.4 73.8 54.2 82.9 54.3 61.7 76.6 180 71.4 76.2 58.8 70 64 80.6
289 124 134 171 115 208 71.6 91.3 190 1.04e+03 173 194 90 240 250 440
4.75 10.5 12.6 4.19 4.48 7.81 6.76 2.93 4.73 80.4 22 17 19.7 16.9 10.7 8.07
3.53e+03 514 1.45e+03 3.58e+03 2.2e+03 3.62e+03 1.7e+03 822 3.44e+03 5.84e+03 1e+03 3.06e+03 2.21e+03 7.39e+03 9.21e+03 1.05e+04
116 90.9 26.2 97.4 66 24 286 158 77.6 98 116 510 662 650 422 378
2.36 0.829 1.32 2.85 2 4 1.3 1.18 2 1.67 0.746 1.51 1.56 2.56 2.34 3.33
46.6 86.3 44.7 76.5 31.4 47.5 36 43.4 16 159 22 50 81.5 328 -55.6 122
1.15 0.852 0.628 0.888 0.658 0.941 0.649 0.672 0.926 2 0.771 0.88 0.674 1.05 0.936 1.09
1.23e+03 1.34e+03 932 1.05e+03 1.04e+03 1.24e+03 1.27e+03 1.15e+03 1.13e+03 1.58e+03 1.23e+03 1.54e+03 1.23e+03 996 963 904
